-0.02008	-0.116814
-0.02	-0.116814
-0.01992	-0.116814
-0.01984	-0.312627
-0.01976	-0.116814
-0.01968	-0.116814
-0.0196	-0.116814
-0.01952	-0.116814
-0.01944	-0.116814
-0.01936	-0.116814
-0.01928	-0.116814
-0.0192	-0.116814
-0.01912	-0.116814
-0.01904	-0.312627
-0.01896	-0.312627
-0.01888	-0.116814
-0.0188	-0.116814
-0.01872	0.0789981
-0.01864	0.0789981
-0.01856	0.0789981
-0.01848	0.0789981
-0.0184	0.0789981
-0.01832	-0.116814
-0.01824	-0.116814
-0.01816	-0.116814
-0.01808	-0.116814
-0.018	-0.116814
-0.01792	-0.312627
-0.01784	-0.312627
-0.01776	-0.312627
-0.01768	-0.312627
-0.0176	-0.116814
-0.01752	-0.116814
-0.01744	-0.116814
-0.01736	-0.116814
-0.01728	-0.116814
-0.0172	-0.116814
-0.01712	-0.116814
-0.01704	-0.312627
-0.01696	-0.312627
-0.01688	-0.116814
-0.0168	0.0789981
-0.01672	0.0789981
-0.01664	0.0789981
-0.01656	-0.116814
-0.01648	-0.312627
-0.0164	-0.312627
-0.01632	-0.50844
-0.01624	-0.312627
-0.01616	-0.116814
-0.01608	0.0789981
-0.016	-0.116814
-0.01592	-0.116814
-0.01584	0.0789981
-0.01576	-0.116814
-0.01568	-0.116814
-0.0156	-0.312627
-0.01552	-0.312627
-0.01544	-0.312627
-0.01536	-0.312627
-0.01528	-0.312627
-0.0152	-0.312627
-0.01512	-0.312627
-0.01504	-0.312627
-0.01496	-0.116814
-0.01488	-0.116814
-0.0148	0.0789981
-0.01472	0.0789981
-0.01464	0.0789981
-0.01456	-0.116814
-0.01448	-0.116814
-0.0144	-0.312627
-0.01432	-0.312627
-0.01424	-0.116814
-0.01416	-0.116814
-0.01408	-0.116814
-0.014	0.0789981
-0.01392	0.0789981
-0.01384	-0.116814
-0.01376	-0.116814
-0.01368	-0.116814
-0.0136	-0.116814
-0.01352	-0.116814
-0.01344	-0.116814
-0.01336	0.0789981
-0.01328	-0.116814
-0.0132	-0.116814
-0.01312	-0.312627
-0.01304	-0.312627
-0.01296	-0.116814
-0.01288	0.0789981
-0.0128	0.0789981
-0.01272	0.0789981
-0.01264	0.0789981
-0.01256	0.0789981
-0.01248	-0.116814
-0.0124	-0.116814
-0.01232	-0.116814
-0.01224	-0.116814
-0.01216	-0.116814
-0.01208	0.0789981
-0.012	0.0789981
-0.01192	0.274811
-0.01184	0.274811
-0.01176	0.0789981
-0.01168	-0.116814
-0.0116	0.0789981
-0.01152	-0.116814
-0.01144	-0.116814
-0.01136	-0.116814
-0.01128	-0.116814
-0.0112	-0.116814
-0.01112	0.0789981
-0.01104	0.0789981
-0.01096	0.274811
-0.01088	0.0789981
-0.0108	0.0789981
-0.01072	-0.116814
-0.01064	-0.116814
-0.01056	-0.116814
-0.01048	-0.116814
-0.0104	-0.116814
-0.01032	-0.116814
-0.01024	0.0789981
-0.01016	-0.116814
-0.01008	-0.116814
-0.01	-0.116814
-0.00992	-0.116814
-0.00984	0.0789981
-0.00976	0.274811
-0.00968	0.0789981
-0.0096	-0.116814
-0.00952	-0.116814
-0.00944	-0.312627
-0.00936	-0.312627
-0.00928	-0.312627
-0.0092	-0.116814
-0.00912	-0.116814
-0.00904	-0.116814
-0.00896	-0.116814
-0.00888	-0.116814
-0.0088	-0.116814
-0.00872	-0.116814
-0.00864	0.0789981
-0.00856	0.274811
-0.00848	0.0789981
-0.0084	0.274811
-0.00832	0.0789981
-0.00824	0.0789981
-0.00816	0.0789981
-0.00808	0.0789981
-0.008	-0.116814
-0.00792	-0.116814
-0.00784	-0.116814
-0.00776	-0.116814
-0.00768	-0.116814
-0.0076	-0.312627
-0.00752	-0.312627
-0.00744	-0.116814
-0.00736	-0.116814
-0.00728	0.0789981
-0.0072	-0.116814
-0.00712	-0.116814
-0.00704	-0.116814
-0.00696	-0.116814
-0.00688	-0.116814
-0.0068	0.0789981
-0.00672	0.0789981
-0.00664	0.0789981
-0.00656	0.0789981
-0.00648	0.0789981
-0.0064	0.0789981
-0.00632	0.0789981
-0.00624	0.0789981
-0.00616	0.0789981
-0.00608	0.0789981
-0.006	0.0789981
-0.00592	0.0789981
-0.00584	-0.116814
-0.00576	-0.116814
-0.00568	0.0789981
-0.0056	-0.116814
-0.00552	0.0789981
-0.00544	0.0789981
-0.00536	-0.116814
-0.00528	-0.116814
-0.0052	-0.116814
-0.00512	0.0789981
-0.00504	0.0789981
-0.00496	0.0789981
-0.00488	0.274811
-0.0048	0.0789981
-0.00472	0.0789981
-0.00464	0.0789981
-0.00456	-0.116814
-0.00448	-0.116814
-0.0044	-0.116814
-0.00432	0.0789981
-0.00424	0.0789981
-0.00416	0.0789981
-0.00408	0.0789981
-0.004	0.0789981
-0.00392	-0.116814
-0.00384	-0.116814
-0.00376	-0.116814
-0.00368	-0.116814
-0.0036	-0.312627
-0.00352	-0.312627
-0.00344	-0.312627
-0.00336	-0.312627
-0.00328	-0.312627
-0.0032	-0.116814
-0.00312	-0.116814
-0.00304	0.0789981
-0.00296	0.0789981
-0.00288	0.274811
-0.0028	0.0789981
-0.00272	0.0789981
-0.00264	0.0789981
-0.00256	0.0789981
-0.00248	-0.116814
-0.0024	-0.312627
-0.00232	-0.312627
-0.00224	-0.116814
-0.00216	0.0789981
-0.00208	0.0789981
-0.002	0.0789981
-0.00192	0.0789981
-0.00184	-0.116814
-0.00176	-0.116814
-0.00168	-0.116814
-0.0016	-0.116814
-0.00152	-0.116814
-0.00144	-0.116814
-0.00136	-0.116814
-0.00128	-0.116814
-0.0012	-0.116814
-0.00112	-0.116814
-0.00104	-0.116814
-0.00096	-0.116814
-0.00088	-0.116814
-0.0008	0.0789981
-0.00072	0.0789981
-0.00064	0.274811
-0.00056	0.274811
-0.00048	0.470624
-0.0004	0.274811
-0.00032	0.274811
-0.00024	0.0789981
-0.00016	0.274811
-8e-05	0.0789981
4.66478e-17	0.0789981
8e-05	-0.116814
0.00016	0.0789981
0.00024	0.0789981
0.00032	-0.116814
0.0004	-0.116814
0.00048	-0.312627
0.00056	-0.312627
0.00064	-0.312627
0.00072	-0.312627
0.0008	-0.312627
0.00088	-0.312627
0.00096	-0.312627
0.00104	-0.116814
0.00112	-0.116814
0.0012	-0.116814
0.00128	-0.116814
0.00136	-0.116814
0.00144	0.0789981
0.00152	0.0789981
0.0016	0.0789981
0.00168	0.0789981
0.00176	0.0789981
0.00184	0.0789981
0.00192	-0.116814
0.002	-0.116814
0.00208	-0.116814
0.00216	0.0789981
0.00224	0.274811
0.00232	0.274811
0.0024	0.274811
0.00248	0.0789981
0.00256	-0.116814
0.00264	-0.116814
0.00272	-0.116814
0.0028	-0.116814
0.00288	0.0789981
0.00296	0.274811
0.00304	0.274811
0.00312	0.0789981
0.0032	0.0789981
0.00328	0.0789981
0.00336	0.0789981
0.00344	0.0789981
0.00352	0.0789981
0.0036	-0.116814
0.00368	-0.312627
0.00376	-0.704253
0.00384	-0.704253
0.00392	-1.09588
0.004	-1.29169
0.00408	-1.68332
0.00416	-1.87913
0.00424	-2.27076
0.00432	-2.66238
0.0044	-3.24982
0.00448	-4.03307
0.00456	-4.81632
0.00464	-5.79538
0.00472	-6.38282
0.0048	-6.97026
0.00488	-7.75351
0.00496	-8.53676
0.00504	-9.1242
0.00512	-9.90745
0.0052	-10.4949
0.00528	-11.0823
0.00536	-11.6698
0.00544	-12.2572
0.00552	-12.6488
0.0056	-12.8446
0.00568	-13.0405
0.00576	-13.2363
0.00584	-13.2363
0.00592	-13.2363
0.006	-13.0405
0.00608	-13.0405
0.00616	-13.0405
0.00624	-13.2363
0.00632	-13.2363
0.0064	-13.0405
0.00648	-12.6488
0.00656	-12.2572
0.00664	-11.6698
0.00672	-11.2781
0.0068	-11.0823
0.00688	-10.8865
0.00696	-10.4949
0.00704	-10.2991
0.00712	-9.71164
0.0072	-9.32001
0.00728	-8.73257
0.00736	-8.34095
0.00744	-7.94932
0.00752	-7.5577
0.0076	-7.36188
0.00768	-7.36188
0.00776	-7.5577
0.00784	-7.94932
0.00792	-8.34095
0.008	-8.34095
0.00808	-8.34095
0.00816	-8.34095
0.00824	-8.92839
0.00832	-9.71164
0.0084	-9.71164
0.00848	-9.90745
0.00856	-10.8865
0.00864	-11.6698
0.00872	-12.453
0.0088	-12.2572
0.00888	-12.2572
0.00896	-12.2572
0.00904	-12.2572
0.00912	-12.453
0.0092	-13.2363
0.00928	-13.6279
0.00936	-13.4321
0.00944	-13.4321
0.00952	-13.2363
0.0096	-13.0405
0.00968	-12.8446
0.00976	-13.0405
0.00984	-13.2363
0.00992	-13.2363
0.01	-13.4321
0.01008	-13.6279
0.01016	-13.6279
0.01024	-13.6279
0.01032	-13.8237
0.0104	-14.0195
0.01048	-14.4111
0.01056	-14.2153
0.01064	-14.2153
0.01072	-14.4111
0.0108	-14.607
0.01088	-14.2153
0.01096	-13.6279
0.01104	-13.4321
0.01112	-13.4321
0.0112	-13.2363
0.01128	-13.2363
0.01136	-13.2363
0.01144	-13.0405
0.01152	-12.6488
0.0116	-12.453
0.01168	-12.6488
0.01176	-13.2363
0.01184	-13.2363
0.01192	-13.2363
0.012	-13.2363
0.01208	-13.0405
0.01216	-12.8446
0.01224	-12.2572
0.01232	-12.0614
0.0124	-12.2572
0.01248	-12.6488
0.01256	-12.8446
0.01264	-12.8446
0.01272	-12.8446
0.0128	-13.0405
0.01288	-13.2363
0.01296	-13.4321
0.01304	-13.8237
0.01312	-13.8237
0.0132	-13.8237
0.01328	-13.8237
0.01336	-13.6279
0.01344	-13.2363
0.01352	-12.6488
0.0136	-12.0614
0.01368	-11.6698
0.01376	-11.474
0.01384	-11.474
0.01392	-11.6698
0.014	-11.8656
0.01408	-11.8656
0.01416	-11.6698
0.01424	-11.6698
0.01432	-11.6698
0.0144	-11.6698
0.01448	-11.474
0.01456	-11.2781
0.01464	-11.2781
0.01472	-11.0823
0.0148	-10.8865
0.01488	-10.6907
0.01496	-10.4949
0.01504	-10.4949
0.01512	-10.4949
0.0152	-10.8865
0.01528	-11.474
0.01536	-12.453
0.01544	-13.2363
0.01552	-14.0195
0.0156	-14.4111
0.01568	-14.607
0.01576	-14.9986
0.01584	-15.3902
0.01592	-15.7818
0.016	-16.1735
0.01608	-16.5651
0.01616	-16.7609
0.01624	-16.3693
0.01632	-15.7818
0.0164	-14.607
0.01648	-13.4321
0.01656	-12.2572
0.01664	-11.474
0.01672	-11.0823
0.0168	-10.6907
0.01688	-10.4949
0.01696	-9.90745
0.01704	-8.92839
0.01712	-7.94932
0.0172	-7.16607
0.01728	-6.77445
0.01736	-6.77445
0.01744	-7.16607
0.01752	-7.75351
0.0176	-8.14514
0.01768	-8.34095
0.01776	-8.53676
0.01784	-8.34095
0.01792	-7.75351
0.018	-6.77445
0.01808	-5.79538
0.01816	-5.20795
0.01824	-5.40376
0.01832	-5.59957
0.0184	-5.9912
0.01848	-6.57863
0.01856	-6.38282
0.01864	-5.40376
0.01872	-4.03307
0.0188	-2.66238
0.01888	-1.4875
0.01896	-0.704253
0.01904	0.274811
0.01912	1.05806
0.0192	1.6455
0.01928	1.25388
0.01936	0.0789981
0.01944	-1.87913
0.01952	-3.64144
0.0196	-5.01213
0.01968	-6.38282
0.01976	-7.94932
0.01984	-9.1242
0.01992	-9.71164
0.02	-10.1033
0.02008	-10.4949
0.02016	-11.0823
0.02024	-12.0614
0.02032	-12.8446
0.0204	-13.6279
0.02048	-13.8237
0.02056	-13.6279
0.02064	-13.4321
0.02072	-13.0405
0.0208	-12.8446
0.02088	-12.2572
0.02096	-11.6698
0.02104	-10.6907
0.02112	-9.32001
0.0212	-8.14514
0.02128	-7.36188
0.02136	-6.77445
0.02144	-6.57863
0.02152	-6.57863
0.0216	-6.57863
0.02168	-6.57863
0.02176	-6.57863
0.02184	-6.57863
0.02192	-6.77445
0.022	-6.57863
0.02208	-6.77445
0.02216	-6.97026
0.02224	-7.36188
0.02232	-7.94932
0.0224	-8.34095
0.02248	-8.53676
0.02256	-8.53676
0.02264	-8.53676
0.02272	-8.53676
0.0228	-8.53676
0.02288	-8.53676
0.02296	-8.73257
0.02304	-8.92839
0.02312	-9.51583
0.0232	-10.1033
0.02328	-10.6907
0.02336	-11.2781
0.02344	-11.2781
0.02352	-11.474
0.0236	-11.8656
0.02368	-12.453
0.02376	-13.0405
0.02384	-13.2363
0.02392	-12.6488
0.024	-11.2781
0.02408	-9.51583
0.02416	-7.5577
0.02424	-5.79538
0.02432	-4.42469
0.0244	-3.44563
0.02448	-3.44563
0.02456	-3.83726
0.02464	-4.42469
0.02472	-4.81632
0.0248	-5.01213
0.02488	-5.40376
0.02496	-5.9912
0.02504	-6.97026
0.02512	-7.94932
0.0252	-9.1242
0.02528	-9.90745
0.02536	-9.90745
0.02544	-9.32001
0.02552	-7.94932
0.0256	-6.57863
0.02568	-5.9912
0.02576	-6.18701
0.02584	-7.16607
0.02592	-8.14514
0.026	-8.73257
0.02608	-9.32001
0.02616	-10.1033
0.02624	-10.8865
0.02632	-11.8656
0.0264	-12.0614
0.02648	-12.453
0.02656	-13.2363
0.02664	-14.4111
0.02672	-15.3902
0.0268	-16.1735
0.02688	-17.1525
0.02696	-18.5232
0.02704	-19.6981
0.02712	-20.2855
0.0272	-19.8939
0.02728	-19.3065
0.02736	-18.5232
0.02744	-18.3274
0.02752	-18.719
0.0276	-18.719
0.02768	-17.9358
0.02776	-16.9567
0.02784	-16.5651
0.02792	-17.5441
0.028	-19.6981
0.02808	-21.6562
0.02816	-22.2437
0.02824	-20.6772
0.02832	-17.1525
0.0284	-13.2363
0.02848	-9.90745
0.02856	-7.75351
0.02864	-6.97026
0.02872	-7.75351
0.0288	-9.51583
0.02888	-12.0614
0.02896	-14.8028
0.02904	-17.3483
0.02912	-18.1316
0.0292	-16.9567
0.02928	-14.4111
0.02936	-12.2572
0.02944	-11.474
0.02952	-12.453
0.0296	-14.607
0.02968	-16.9567
0.02976	-19.8939
0.02984	-22.8311
0.02992	-25.3767
0.03	-26.7473
0.03008	-27.3348
0.03016	-27.9222
0.03024	-29.0971
0.03032	-30.0762
0.0304	-29.8804
0.03048	-26.9432
0.03056	-22.4395
0.03064	-17.5441
0.03072	-13.2363
0.0308	-9.71164
0.03088	-7.16607
0.03096	-5.40376
0.03104	-5.79538
0.03112	-8.92839
0.0312	-14.4111
0.03128	-20.6772
0.03136	-25.7683
0.03144	-29.6845
0.03152	-33.2092
0.0316	-37.3212
0.03168	-42.0207
0.03176	-46.1328
0.03184	-48.6784
0.03192	-49.8532
0.032	-49.8532
0.03208	-49.4616
0.03216	-49.4616
0.03224	-49.6574
0.03232	-50.6365
0.0324	-51.0281
0.03248	-50.8323
0.03256	-50.0491
0.03264	-48.6784
0.03272	-46.9161
0.0328	-45.3496
0.03288	-44.3705
0.03296	-42.9998
0.03304	-40.6501
0.03312	-37.1254
0.0332	-33.2092
0.03328	-28.7055
0.03336	-23.8102
0.03344	-19.1106
0.03352	-16.1735
0.0336	-15.3902
0.03368	-16.5651
0.03376	-18.9148
0.03384	-22.6353
0.03392	-26.7473
0.034	-30.0762
0.03408	-31.6427
0.03416	-32.0343
0.03424	-33.0134
0.03432	-34.7757
0.0344	-37.1254
0.03448	-39.2794
0.03456	-39.0835
0.03464	-34.9715
0.03472	-27.139
0.0348	-20.0897
0.03488	-16.9567
0.03496	-17.74
0.03504	-21.2646
0.03512	-25.9641
0.0352	-30.0762
0.03528	-32.4259
0.03536	-32.4259
0.03544	-30.6636
0.03552	-28.9013
0.0356	-28.7055
0.03568	-28.7055
0.03576	-27.5306
0.03584	-25.7683
0.03592	-24.006
0.036	-22.2437
0.03608	-21.0688
0.03616	-21.0688
0.03624	-22.0478
0.03632	-24.006
0.0364	-26.7473
0.03648	-30.272
0.03656	-33.405
0.03664	-33.9924
0.03672	-32.2301
0.0368	-28.5097
0.03688	-24.006
0.03696	-20.2855
0.03704	-18.3274
0.03712	-19.5023
0.0372	-22.8311
0.03728	-27.3348
0.03736	-31.251
0.03744	-32.2301
0.03752	-29.8804
0.0376	-26.9432
0.03768	-25.5725
0.03776	-26.7473
0.03784	-29.2929
0.03792	-31.251
0.038	-31.6427
0.03808	-30.8594
0.03816	-29.0971
0.03824	-27.7264
0.03832	-27.7264
0.0384	-27.9222
0.03848	-27.9222
0.03856	-28.118
0.03864	-29.0971
0.03872	-30.272
0.0388	-30.4678
0.03888	-28.9013
0.03896	-28.118
0.03904	-29.8804
0.03912	-33.405
0.0392	-36.1464
0.03928	-36.538
0.03936	-34.9715
0.03944	-32.0343
0.03952	-29.4887
0.0396	-28.3138
0.03968	-28.9013
0.03976	-30.8594
0.03984	-34.384
0.03992	-38.6919
0.04	-41.6291
0.04008	-41.4333
0.04016	-39.2794
0.04024	-38.3003
0.04032	-39.8668
0.0404	-42.0207
0.04048	-43.1956
0.04056	-43.5872
0.04064	-43.1956
0.04072	-41.6291
0.0408	-38.6919
0.04088	-35.1673
0.04096	-32.8175
0.04104	-32.2301
0.04112	-33.0134
0.0412	-34.384
0.04128	-35.5589
0.04136	-35.9505
0.04144	-34.9715
0.04152	-32.2301
0.0416	-28.9013
0.04168	-25.7683
0.04176	-22.2437
0.04184	-18.1316
0.04192	-14.2153
0.042	-11.8656
0.04208	-11.474
0.04216	-12.453
0.04224	-13.8237
0.04232	-14.8028
0.0424	-15.1944
0.04248	-15.3902
0.04256	-16.1735
0.04264	-17.3483
0.04272	-18.3274
0.0428	-19.3065
0.04288	-20.6772
0.04296	-21.2646
0.04304	-20.0897
0.04312	-17.5441
0.0432	-15.586
0.04328	-15.3902
0.04336	-17.1525
0.04344	-18.3274
0.04352	-18.3274
0.0436	-16.9567
0.04368	-13.6279
0.04376	-9.51583
0.04384	-5.9912
0.04392	-3.44563
0.044	-2.27076
0.04408	-2.85819
0.04416	-5.01213
0.04424	-6.57863
0.04432	-7.16607
0.0444	-7.5577
0.04448	-9.71164
0.04456	-12.8446
0.04464	-16.1735
0.04472	-18.9148
0.0448	-21.852
0.04488	-24.7892
0.04496	-28.118
0.04504	-32.0343
0.04512	-35.9505
0.0452	-39.2794
0.04528	-41.4333
0.04536	-42.2166
0.04544	-42.2166
0.04552	-40.6501
0.0456	-38.6919
0.04568	-38.1045
0.04576	-39.0835
0.04584	-39.8668
0.04592	-39.4752
0.046	-39.2794
0.04608	-40.0626
0.04616	-41.2375
0.04624	-41.6291
0.04632	-40.0626
0.0464	-37.9087
0.04648	-36.1464
0.04656	-34.1882
0.04664	-31.8385
0.04672	-28.9013
0.0468	-26.9432
0.04688	-26.9432
0.04696	-27.9222
0.04704	-29.0971
0.04712	-29.2929
0.0472	-28.5097
0.04728	-27.7264
0.04736	-27.9222
0.04744	-28.5097
0.04752	-28.9013
0.0476	-28.118
0.04768	-26.9432
0.04776	-26.9432
0.04784	-28.7055
0.04792	-31.0552
0.048	-31.6427
0.04808	-29.8804
0.04816	-27.3348
0.04824	-26.3557
0.04832	-27.7264
0.0484	-29.2929
0.04848	-29.8804
0.04856	-29.2929
0.04864	-29.0971
0.04872	-29.6845
0.0488	-29.0971
0.04888	-27.139
0.04896	-25.1808
0.04904	-24.3976
0.04912	-24.7892
0.0492	-25.5725
0.04928	-26.1599
0.04936	-25.9641
0.04944	-24.7892
0.04952	-23.0269
0.0496	-21.4604
0.04968	-20.873
0.04976	-21.0688
0.04984	-21.852
0.04992	-24.2018
0.05	-27.5306
0.05008	-30.8594
0.05016	-33.2092
0.05024	-33.9924
0.05032	-33.405
0.0504	-31.8385
0.05048	-28.9013
0.05056	-25.1808
0.05064	-22.0478
0.05072	-21.0688
0.0508	-22.8311
0.05088	-25.9641
0.05096	-28.3138
0.05104	-28.9013
0.05112	-28.118
0.0512	-26.7473
0.05128	-25.7683
0.05136	-25.1808
0.05144	-24.7892
0.05152	-24.7892
0.0516	-25.7683
0.05168	-27.3348
0.05176	-29.0971
0.05184	-30.4678
0.05192	-32.2301
0.052	-34.9715
0.05208	-37.7129
0.05216	-38.8877
0.05224	-38.1045
0.05232	-36.3422
0.0524	-35.3631
0.05248	-36.1464
0.05256	-38.1045
0.05264	-40.8459
0.05272	-43.7831
0.0528	-46.3286
0.05288	-47.3077
0.05296	-46.7202
0.05304	-46.1328
0.05312	-45.7412
0.0532	-45.1537
0.05328	-43.7831
0.05336	-42.804
0.05344	-41.8249
0.05352	-39.671
0.0536	-36.538
0.05368	-34.5799
0.05376	-34.7757
0.05384	-36.538
0.05392	-38.3003
0.054	-39.0835
0.05408	-38.4961
0.05416	-36.7338
0.05424	-34.384
0.05432	-31.4469
0.0544	-28.3138
0.05448	-25.5725
0.05456	-24.3976
0.05464	-25.5725
0.05472	-27.139
0.0548	-27.7264
0.05488	-27.3348
0.05496	-26.5515
0.05504	-26.3557
0.05512	-26.1599
0.0552	-25.7683
0.05528	-24.3976
0.05536	-22.8311
0.05544	-22.4395
0.05552	-24.3976
0.0556	-28.7055
0.05568	-33.6008
0.05576	-37.3212
0.05584	-38.8877
0.05592	-37.9087
0.056	-34.7757
0.05608	-30.4678
0.05616	-27.3348
0.05624	-26.3557
0.05632	-27.3348
0.0564	-28.7055
0.05648	-29.2929
0.05656	-28.3138
0.05664	-27.139
0.05672	-26.1599
0.0568	-25.5725
0.05688	-24.006
0.05696	-21.0688
0.05704	-17.74
0.05712	-15.3902
0.0572	-14.9986
0.05728	-15.7818
0.05736	-16.5651
0.05744	-16.7609
0.05752	-16.3693
0.0576	-15.1944
0.05768	-13.8237
0.05776	-12.2572
0.05784	-10.6907
0.05792	-9.1242
0.058	-8.53676
0.05808	-9.1242
0.05816	-10.4949
0.05824	-12.2572
0.05832	-13.4321
0.0584	-13.6279
0.05848	-12.453
0.05856	-10.2991
0.05864	-7.36188
0.05872	-4.03307
0.0588	-1.09588
0.05888	1.84131
0.05896	4.38688
0.05904	6.34501
0.05912	7.12826
0.0592	6.73663
0.05928	4.7785
0.05936	1.6455
0.05944	-2.07494
0.05952	-5.79538
0.0596	-9.32001
0.05968	-12.2572
0.05976	-14.607
0.05984	-16.3693
0.05992	-17.1525
0.06	-15.9776
0.06008	-13.4321
0.06016	-10.4949
0.06024	-8.92839
0.06032	-10.1033
0.0604	-12.8446
0.06048	-14.8028
0.06056	-15.1944
0.06064	-15.586
0.06072	-17.1525
0.0608	-20.2855
0.06088	-23.2227
0.06096	-25.5725
0.06104	-26.5515
0.06112	-26.3557
0.0612	-24.985
0.06128	-22.0478
0.06136	-17.9358
0.06144	-14.2153
0.06152	-13.4321
0.0616	-15.586
0.06168	-18.9148
0.06176	-20.4813
0.06184	-19.8939
0.06192	-18.3274
0.062	-18.5232
0.06208	-21.2646
0.06216	-26.1599
0.06224	-31.8385
0.06232	-36.538
0.0624	-39.671
0.06248	-41.0417
0.06256	-40.0626
0.06264	-38.4961
0.06272	-37.7129
0.0628	-37.7129
0.06288	-37.517
0.06296	-36.7338
0.06304	-34.5799
0.06312	-32.0343
0.0632	-29.8804
0.06328	-27.7264
0.06336	-25.7683
0.06344	-24.5934
0.06352	-24.5934
0.0636	-25.3767
0.06368	-25.3767
0.06376	-23.2227
0.06384	-19.3065
0.06392	-16.1735
0.064	-15.9776
0.06408	-17.9358
0.06416	-19.8939
0.06424	-20.6772
0.06432	-20.2855
0.0644	-19.6981
0.06448	-19.3065
0.06456	-19.6981
0.06464	-21.4604
0.06472	-23.8102
0.0648	-27.139
0.06488	-31.4469
0.06496	-35.5589
0.06504	-38.6919
0.06512	-40.2584
0.0652	-41.4333
0.06528	-42.9998
0.06536	-44.9579
0.06544	-44.9579
0.06552	-42.4124
0.0656	-38.1045
0.06568	-33.0134
0.06576	-26.9432
0.06584	-21.2646
0.06592	-19.1106
0.066	-22.8311
0.06608	-30.272
0.06616	-36.7338
0.06624	-39.4752
0.06632	-38.6919
0.0664	-36.1464
0.06648	-32.2301
0.06656	-27.9222
0.06664	-24.3976
0.06672	-22.4395
0.0668	-21.2646
0.06688	-21.2646
0.06696	-22.6353
0.06704	-25.7683
0.06712	-29.2929
0.0672	-31.6427
0.06728	-32.0343
0.06736	-30.8594
0.06744	-29.0971
0.06752	-27.3348
0.0676	-26.1599
0.06768	-26.1599
0.06776	-27.3348
0.06784	-30.4678
0.06792	-35.1673
0.068	-39.671
0.06808	-42.9998
0.06816	-44.1747
0.06824	-43.3914
0.06832	-41.2375
0.0684	-37.3212
0.06848	-33.2092
0.06856	-30.6636
0.06864	-30.272
0.06872	-30.4678
0.0688	-30.0762
0.06888	-29.8804
0.06896	-30.4678
0.06904	-32.0343
0.06912	-33.9924
0.0692	-35.1673
0.06928	-35.7547
0.06936	-35.5589
0.06944	-34.9715
0.06952	-33.7966
0.0696	-32.6217
0.06968	-31.8385
0.06976	-31.4469
0.06984	-32.0343
0.06992	-33.9924
0.07	-36.9296
0.07008	-39.8668
0.07016	-41.8249
0.07024	-42.0207
0.07032	-40.6501
0.0704	-38.1045
0.07048	-35.1673
0.07056	-31.6427
0.07064	-27.9222
0.07072	-25.5725
0.0708	-24.985
0.07088	-25.9641
0.07096	-27.5306
0.07104	-28.9013
0.07112	-29.2929
0.0712	-28.7055
0.07128	-26.7473
0.07136	-24.3976
0.07144	-22.8311
0.07152	-22.6353
0.0716	-24.006
0.07168	-25.7683
0.07176	-26.9432
0.07184	-27.3348
0.07192	-27.3348
0.072	-27.139
0.07208	-27.7264
0.07216	-29.6845
0.07224	-33.0134
0.07232	-36.538
0.0724	-38.4961
0.07248	-38.6919
0.07256	-36.7338
0.07264	-34.1882
0.07272	-32.0343
0.0728	-31.8385
0.07288	-33.405
0.07296	-36.3422
0.07304	-38.8877
0.07312	-41.2375
0.0732	-42.4124
0.07328	-42.804
0.07336	-42.4124
0.07344	-41.6291
0.07352	-40.4542
0.0736	-38.4961
0.07368	-35.7547
0.07376	-32.8175
0.07384	-30.0762
0.07392	-27.5306
0.074	-25.7683
0.07408	-25.3767
0.07416	-25.7683
0.07424	-25.9641
0.07432	-25.1808
0.0744	-24.006
0.07448	-22.2437
0.07456	-20.0897
0.07464	-18.9148
0.07472	-19.3065
0.0748	-21.2646
0.07488	-23.4185
0.07496	-24.7892
0.07504	-25.3767
0.07512	-24.7892
0.0752	-23.4185
0.07528	-21.6562
0.07536	-20.2855
0.07544	-19.3065
0.07552	-18.5232
0.0756	-17.74
0.07568	-16.7609
0.07576	-15.7818
0.07584	-14.9986
0.07592	-15.1944
0.076	-17.5441
0.07608	-21.0688
0.07616	-23.0269
0.07624	-23.0269
0.07632	-22.4395
0.0764	-22.4395
0.07648	-23.4185
0.07656	-24.3976
0.07664	-24.7892
0.07672	-25.1808
0.0768	-25.3767
0.07688	-25.5725
0.07696	-25.3767
0.07704	-24.985
0.07712	-24.985
0.0772	-26.1599
0.07728	-27.139
0.07736	-26.7473
0.07744	-25.3767
0.07752	-23.0269
0.0776	-20.2855
0.07768	-17.9358
0.07776	-16.5651
0.07784	-17.3483
0.07792	-20.873
0.078	-25.1808
0.07808	-28.3138
0.07816	-28.7055
0.07824	-27.7264
0.07832	-26.5515
0.0784	-25.7683
0.07848	-24.985
0.07856	-24.006
0.07864	-23.4185
0.07872	-23.4185
0.0788	-23.4185
0.07888	-23.4185
0.07896	-22.4395
0.07904	-20.4813
0.07912	-17.5441
0.0792	-14.2153
0.07928	-12.2572
0.07936	-12.0614
0.07944	-12.8446
0.07952	-14.4111
0.0796	-15.7818
0.07968	-16.7609
0.07976	-17.3483
0.07984	-17.3483
0.07992	-17.1525
0.08	-17.3483
0.08008	-18.1316
0.08016	-19.6981
0.08024	-21.6562
0.08032	-23.8102
0.0804	-24.5934
0.08048	-23.4185
0.08056	-20.6772
0.08064	-18.3274
0.08072	-17.1525
0.0808	-16.3693
0.08088	-15.3902
0.08096	-14.0195
0.08104	-13.8237
0.08112	-15.1944
0.0812	-17.1525
0.08128	-18.5232
0.08136	-19.3065
0.08144	-19.1106
0.08152	-18.9148
0.0816	-18.719
0.08168	-18.5232
0.08176	-18.5232
0.08184	-19.1106
0.08192	-21.0688
0.082	-23.2227
0.08208	-24.006
0.08216	-23.2227
0.08224	-20.873
0.08232	-17.74
0.0824	-14.607
0.08248	-12.0614
0.08256	-10.2991
0.08264	-9.71164
0.08272	-9.51583
0.0828	-10.1033
0.08288	-10.8865
0.08296	-11.474
0.08304	-11.2781
0.08312	-10.8865
0.0832	-11.0823
0.08328	-11.6698
0.08336	-12.0614
0.08344	-13.0405
0.08352	-14.2153
0.0836	-15.7818
0.08368	-16.7609
0.08376	-17.3483
0.08384	-17.5441
0.08392	-17.3483
0.084	-16.5651
0.08408	-14.9986
0.08416	-12.8446
0.08424	-10.8865
0.08432	-9.71164
0.0844	-8.92839
0.08448	-8.73257
0.08456	-8.34095
0.08464	-8.53676
0.08472	-9.32001
0.0848	-9.51583
0.08488	-8.14514
0.08496	-5.59957
0.08504	-3.44563
0.08512	-2.66238
0.0852	-3.24982
0.08528	-4.22888
0.08536	-5.40376
0.08544	-7.16607
0.08552	-9.1242
0.0856	-10.4949
0.08568	-10.6907
0.08576	-9.90745
0.08584	-9.32001
0.08592	-9.90745
0.086	-10.8865
0.08608	-10.8865
0.08616	-9.32001
0.08624	-8.14514
0.08632	-8.53676
0.0864	-9.90745
0.08648	-10.2991
0.08656	-9.32001
0.08664	-7.16607
0.08672	-4.81632
0.0868	-3.054
0.08688	-2.46657
0.08696	-3.054
0.08704	-4.03307
0.08712	-4.81632
0.0872	-5.40376
0.08728	-5.40376
0.08736	-5.59957
0.08744	-6.57863
0.08752	-7.75351
0.0876	-8.53676
0.08768	-7.94932
0.08776	-6.97026
0.08784	-5.79538
0.08792	-5.01213
0.088	-4.81632
0.08808	-5.20795
0.08816	-6.38282
0.08824	-6.97026
0.08832	-6.57863
0.0884	-5.20795
0.08848	-5.01213
0.08856	-5.79538
0.08864	-5.9912
0.08872	-5.40376
0.0888	-5.20795
0.08888	-6.77445
0.08896	-9.71164
0.08904	-12.2572
0.08912	-13.8237
0.0892	-14.2153
0.08928	-14.0195
0.08936	-13.8237
0.08944	-13.6279
0.08952	-12.8446
0.0896	-11.474
0.08968	-10.6907
0.08976	-11.0823
0.08984	-11.6698
0.08992	-11.6698
0.09	-10.8865
0.09008	-9.71164
0.09016	-8.73257
0.09024	-8.14514
0.09032	-7.5577
0.0904	-7.75351
0.09048	-8.34095
0.09056	-8.92839
0.09064	-9.1242
0.09072	-9.32001
0.0908	-9.1242
0.09088	-8.34095
0.09096	-6.97026
0.09104	-5.40376
0.09112	-4.03307
0.0912	-3.44563
0.09128	-3.64144
0.09136	-4.22888
0.09144	-5.20795
0.09152	-5.40376
0.0916	-5.20795
0.09168	-4.22888
0.09176	-3.054
0.09184	-2.07494
0.09192	-1.87913
0.092	-2.85819
0.09208	-5.01213
0.09216	-6.77445
0.09224	-7.75351
0.09232	-8.92839
0.0924	-10.6907
0.09248	-12.0614
0.09256	-12.2572
0.09264	-12.0614
0.09272	-12.453
0.0928	-12.8446
0.09288	-12.453
0.09296	-11.474
0.09304	-10.4949
0.09312	-10.4949
0.0932	-10.4949
0.09328	-10.4949
0.09336	-10.1033
0.09344	-10.2991
0.09352	-11.0823
0.0936	-12.2572
0.09368	-13.2363
0.09376	-13.4321
0.09384	-13.2363
0.09392	-12.6488
0.094	-12.0614
0.09408	-11.6698
0.09416	-11.2781
0.09424	-10.4949
0.09432	-9.71164
0.0944	-8.92839
0.09448	-8.14514
0.09456	-7.16607
0.09464	-5.79538
0.09472	-5.01213
0.0948	-4.81632
0.09488	-5.59957
0.09496	-6.18701
0.09504	-6.77445
0.09512	-6.77445
0.0952	-6.97026
0.09528	-7.16607
0.09536	-7.36188
0.09544	-7.36188
0.09552	-6.57863
0.0956	-6.18701
0.09568	-6.38282
0.09576	-7.16607
0.09584	-7.94932
0.09592	-7.94932
0.096	-7.36188
0.09608	-6.97026
0.09616	-7.16607
0.09624	-7.94932
0.09632	-8.34095
0.0964	-8.53676
0.09648	-8.14514
0.09656	-7.36188
0.09664	-6.97026
0.09672	-6.57863
0.0968	-6.57863
0.09688	-6.97026
0.09696	-6.97026
0.09704	-7.16607
0.09712	-7.36188
0.0972	-7.36188
0.09728	-7.5577
0.09736	-7.5577
0.09744	-7.16607
0.09752	-5.9912
0.0976	-4.81632
0.09768	-3.83726
0.09776	-2.85819
0.09784	-2.27076
0.09792	-1.87913
0.098	-2.07494
0.09808	-3.054
0.09816	-4.42469
0.09824	-5.59957
0.09832	-5.9912
0.0984	-6.38282
0.09848	-6.57863
0.09856	-6.77445
0.09864	-6.57863
0.09872	-5.9912
0.0988	-5.20795
0.09888	-4.42469
0.09896	-3.83726
0.09904	-3.64144
0.09912	-3.83726
0.0992	-4.22888
0.09928	-4.22888
0.09936	-4.42469
0.09944	-4.42469
0.09952	-4.22888
0.0996	-4.22888
0.09968	-4.22888
0.09976	-4.22888
0.09984	-4.03307
0.09992	-3.83726
0.1	-3.83726
0.10008	-3.83726
0.10016	-3.64144
0.10024	-3.64144
0.10032	-3.44563
0.1004	-3.24982
0.10048	-3.054
0.10056	-3.054
0.10064	-3.054
0.10072	-3.24982
0.1008	-3.83726
0.10088	-4.62051
0.10096	-5.20795
0.10104	-5.59957
0.10112	-5.40376
0.1012	-5.01213
0.10128	-4.81632
0.10136	-4.22888
0.10144	-3.64144
0.10152	-3.054
0.1016	-2.85819
0.10168	-3.054
0.10176	-3.24982
0.10184	-3.44563
0.10192	-3.83726
0.102	-4.42469
0.10208	-5.01213
0.10216	-5.01213
0.10224	-4.81632
0.10232	-4.22888
0.1024	-4.03307
0.10248	-4.03307
0.10256	-4.42469
0.10264	-4.81632
0.10272	-5.20795
0.1028	-5.79538
0.10288	-6.38282
0.10296	-7.16607
0.10304	-7.5577
0.10312	-7.94932
0.1032	-7.94932
0.10328	-7.5577
0.10336	-6.97026
0.10344	-6.18701
0.10352	-5.59957
0.1036	-5.59957
0.10368	-5.40376
0.10376	-5.01213
0.10384	-5.01213
0.10392	-5.01213
0.104	-5.20795
0.10408	-5.20795
0.10416	-5.01213
0.10424	-4.81632
0.10432	-4.42469
0.1044	-4.03307
0.10448	-3.44563
0.10456	-3.24982
0.10464	-2.85819
0.10472	-3.054
0.1048	-3.054
0.10488	-3.24982
0.10496	-3.24982
0.10504	-3.24982
0.10512	-3.054
0.1052	-3.24982
0.10528	-3.054
0.10536	-2.66238
0.10544	-2.46657
0.10552	-2.46657
0.1056	-2.46657
0.10568	-2.85819
0.10576	-3.054
0.10584	-3.054
0.10592	-3.054
0.106	-3.054
0.10608	-3.054
0.10616	-2.85819
0.10624	-2.85819
0.10632	-2.66238
0.1064	-2.46657
0.10648	-2.46657
0.10656	-2.46657
0.10664	-2.66238
0.10672	-2.46657
0.1068	-2.66238
0.10688	-2.85819
0.10696	-3.054
0.10704	-3.24982
0.10712	-3.44563
0.1072	-3.64144
0.10728	-3.83726
0.10736	-3.83726
0.10744	-3.44563
0.10752	-2.46657
0.1076	-1.4875
0.10768	-0.50844
0.10776	0.274811
0.10784	1.05806
0.10792	1.25388
0.108	1.25388
0.10808	1.05806
0.10816	1.05806
0.10824	0.666436
0.10832	-0.116814
0.1084	-1.09588
0.10848	-1.68332
0.10856	-1.87913
0.10864	-1.87913
0.10872	-1.4875
0.1088	-1.09588
0.10888	-0.704253
0.10896	-0.50844
0.10904	-0.50844
0.10912	-0.704253
0.1092	-0.900065
0.10928	-1.29169
0.10936	-1.4875
0.10944	-1.29169
0.10952	-1.29169
0.1096	-1.29169
0.10968	-1.4875
0.10976	-1.29169
0.10984	-0.900065
0.10992	0.0789981
0.11	0.470624
0.11008	0.274811
0.11016	0.0789981
0.11024	-0.312627
0.11032	-0.50844
0.1104	-0.312627
0.11048	-0.116814
0.11056	0.0789981
0.11064	0.0789981
0.11072	0.274811
0.1108	0.666436
0.11088	1.25388
0.11096	1.84131
0.11104	2.42875
0.11112	2.82038
0.1112	3.212
0.11128	3.40781
0.11136	3.79944
0.11144	4.19107
0.11152	4.19107
0.1116	4.19107
0.11168	3.79944
0.11176	3.60363
0.11184	3.40781
0.11192	3.40781
0.112	3.40781
0.11208	3.40781
0.11216	3.212
0.11224	2.82038
0.11232	2.42875
0.1124	2.23294
0.11248	2.23294
0.11256	2.23294
0.11264	2.03713
0.11272	1.6455
0.1128	1.44969
0.11288	1.6455
0.11296	2.03713
0.11304	2.42875
0.11312	2.42875
0.1132	2.42875
0.11328	2.82038
0.11336	3.212
0.11344	3.99525
0.11352	4.38688
0.1136	4.38688
0.11368	4.38688
0.11376	4.58269
0.11384	4.97432
0.11392	5.17013
0.114	5.36594
0.11408	5.36594
0.11416	5.56176
0.11424	5.75757
0.11432	5.75757
0.1144	5.75757
0.11448	5.36594
0.11456	4.97432
0.11464	4.58269
0.11472	4.19107
0.1148	3.99525
0.11488	3.79944
0.11496	3.40781
0.11504	3.01619
0.11512	2.82038
0.1152	2.62456
0.11528	2.62456
0.11536	2.82038
0.11544	3.212
0.11552	3.60363
0.1156	3.79944
0.11568	3.79944
0.11576	3.99525
0.11584	3.99525
0.11592	3.99525
0.116	3.60363
0.11608	3.40781
0.11616	3.01619
0.11624	3.01619
0.11632	3.212
0.1164	3.40781
0.11648	3.60363
0.11656	3.60363
0.11664	3.60363
0.11672	3.79944
0.1168	3.99525
0.11688	4.19107
0.11696	4.38688
0.11704	4.58269
0.11712	4.58269
0.1172	4.19107
0.11728	3.40781
0.11736	2.62456
0.11744	2.42875
0.11752	2.62456
0.1176	2.62456
0.11768	2.42875
0.11776	2.03713
0.11784	2.23294
0.11792	2.62456
0.118	3.01619
0.11808	3.40781
0.11816	3.60363
0.11824	3.99525
0.11832	3.79944
0.1184	3.79944
0.11848	3.40781
0.11856	2.82038
0.11864	2.62456
0.11872	2.42875
0.1188	2.42875
0.11888	2.42875
0.11896	2.42875
0.11904	2.62456
0.11912	3.212
0.1192	3.60363
0.11928	3.99525
0.11936	4.38688
0.11944	4.7785
0.11952	4.7785
0.1196	4.7785
0.11968	4.7785
0.11976	4.97432
0.11984	4.97432
0.11992	4.97432
0.12	4.97432
0.12008	4.58269
0.12016	4.58269
0.12024	4.97432
0.12032	5.56176
0.1204	5.95338
0.12048	5.75757
0.12056	5.36594
0.12064	5.17013
0.12072	5.17013
0.1208	4.97432
0.12088	4.38688
0.12096	3.99525
0.12104	3.79944
0.12112	3.60363
0.1212	3.40781
0.12128	2.82038
0.12136	2.03713
0.12144	1.44969
0.12152	1.05806
0.1216	1.05806
0.12168	0.862249
0.12176	0.862249
0.12184	1.05806
0.12192	1.44969
0.122	1.84131
0.12208	2.03713
0.12216	2.23294
0.12224	2.23294
0.12232	2.23294
0.1224	2.42875
0.12248	2.42875
0.12256	2.62456
0.12264	2.82038
0.12272	3.01619
0.1228	2.82038
0.12288	2.62456
0.12296	2.62456
0.12304	2.62456
0.12312	2.82038
0.1232	3.01619
0.12328	3.01619
0.12336	2.62456
0.12344	2.23294
0.12352	2.23294
0.1236	2.23294
0.12368	2.03713
0.12376	1.6455
0.12384	1.05806
0.12392	0.666436
0.124	0.470624
0.12408	0.274811
0.12416	0.274811
0.12424	0.274811
0.12432	0.666436
0.1244	0.862249
0.12448	0.862249
0.12456	0.862249
0.12464	1.25388
0.12472	1.6455
0.1248	2.03713
0.12488	2.42875
0.12496	2.03713
0.12504	1.84131
0.12512	1.84131
0.1252	2.03713
0.12528	2.03713
0.12536	2.03713
0.12544	2.23294
0.12552	2.82038
0.1256	3.60363
0.12568	3.99525
0.12576	4.19107
0.12584	3.60363
0.12592	3.01619
0.126	2.42875
0.12608	2.03713
0.12616	1.6455
0.12624	1.44969
0.12632	1.44969
0.1264	1.44969
0.12648	1.84131
0.12656	2.03713
0.12664	2.23294
0.12672	2.23294
0.1268	2.23294
0.12688	2.42875
0.12696	2.62456
0.12704	2.62456
0.12712	2.42875
0.1272	2.23294
0.12728	2.23294
0.12736	2.23294
0.12744	2.03713
0.12752	1.84131
0.1276	1.44969
0.12768	1.25388
0.12776	1.25388
0.12784	1.25388
0.12792	0.666436
0.128	0.274811
0.12808	-0.312627
0.12816	-0.312627
0.12824	-0.116814
0.12832	-0.116814
0.1284	0.0789981
0.12848	0.274811
0.12856	0.862249
0.12864	1.44969
0.12872	1.6455
0.1288	1.25388
0.12888	0.666436
0.12896	0.274811
0.12904	0.0789981
0.12912	-0.50844
0.1292	-1.29169
0.12928	-1.87913
0.12936	-2.07494
0.12944	-1.68332
0.12952	-1.09588
0.1296	-0.900065
0.12968	-0.704253
0.12976	-0.50844
0.12984	-0.312627
0.12992	-0.116814
0.13	-0.50844
0.13008	-1.09588
0.13016	-2.27076
0.13024	-3.054
0.13032	-3.64144
0.1304	-3.64144
0.13048	-3.44563
0.13056	-2.85819
0.13064	-2.07494
0.13072	-1.09588
0.1308	0.0789981
0.13088	0.470624
0.13096	0.862249
0.13104	0.862249
0.13112	0.470624
0.1312	0.0789981
0.13128	-0.704253
0.13136	-1.29169
0.13144	-1.68332
0.13152	-1.68332
0.1316	-1.29169
0.13168	-0.704253
0.13176	-0.116814
0.13184	0.470624
0.13192	1.05806
0.132	1.25388
0.13208	1.44969
0.13216	1.25388
0.13224	0.862249
0.13232	0.274811
0.1324	-0.50844
0.13248	-1.09588
0.13256	-1.29169
0.13264	-1.4875
0.13272	-1.09588
0.1328	-0.704253
0.13288	-0.116814
0.13296	0.666436
0.13304	1.44969
0.13312	2.03713
0.1332	2.23294
0.13328	2.03713
0.13336	1.6455
0.13344	1.25388
0.13352	1.05806
0.1336	0.862249
0.13368	0.666436
0.13376	0.274811
0.13384	0.274811
0.13392	0.666436
0.134	1.05806
0.13408	1.25388
0.13416	1.25388
0.13424	1.44969
0.13432	1.6455
0.1344	2.03713
0.13448	1.44969
0.13456	0.862249
0.13464	0.274811
0.13472	-0.116814
0.1348	-0.50844
0.13488	-0.704253
0.13496	-1.09588
0.13504	-0.900065
0.13512	-0.312627
0.1352	0.0789981
0.13528	0.274811
0.13536	0.274811
0.13544	0.862249
0.13552	1.6455
0.1356	2.03713
0.13568	2.03713
0.13576	1.6455
0.13584	1.44969
0.13592	1.6455
0.136	1.44969
0.13608	0.666436
0.13616	-0.116814
0.13624	-0.312627
0.13632	-0.312627
0.1364	-0.116814
0.13648	-0.312627
0.13656	-0.50844
0.13664	-0.312627
0.13672	0.0789981
0.1368	0.470624
0.13688	0.274811
0.13696	-0.116814
0.13704	-0.116814
0.13712	0.274811
0.1372	0.274811
0.13728	-0.312627
0.13736	-1.09588
0.13744	-1.29169
0.13752	-0.50844
0.1376	0.274811
0.13768	0.470624
0.13776	0.470624
0.13784	0.666436
0.13792	1.05806
0.138	1.6455
0.13808	1.84131
0.13816	1.25388
0.13824	0.470624
0.13832	0.0789981
0.1384	0.0789981
0.13848	0.0789981
0.13856	-0.312627
0.13864	-0.704253
0.13872	-0.704253
0.1388	-0.312627
0.13888	0.0789981
0.13896	-0.116814
0.13904	-0.312627
0.13912	-0.312627
0.1392	0.0789981
0.13928	0.470624
0.13936	0.470624
0.13944	0.470624
0.13952	0.470624
0.1396	0.470624
0.13968	0.666436
0.13976	0.666436
0.13984	0.470624
0.13992	0.470624
0.14	0.470624
0.14008	0.470624
0.14016	0.470624
0.14024	0.470624
0.14032	0.862249
0.1404	1.25388
0.14048	1.44969
0.14056	1.25388
0.14064	1.25388
0.14072	1.25388
0.1408	1.25388
0.14088	1.44969
0.14096	1.25388
0.14104	1.05806
0.14112	0.862249
0.1412	0.666436
0.14128	0.274811
0.14136	0.0789981
0.14144	-0.312627
0.14152	-0.50844
0.1416	-0.50844
0.14168	-0.704253
0.14176	-1.09588
0.14184	-1.4875
0.14192	-1.4875
0.142	-1.09588
0.14208	-0.704253
0.14216	-0.50844
0.14224	-0.50844
0.14232	-0.116814
0.1424	-0.116814
0.14248	-0.116814
0.14256	-0.50844
0.14264	-0.312627
0.14272	0.274811
0.1428	0.862249
0.14288	1.25388
0.14296	0.666436
0.14304	-0.312627
0.14312	-0.704253
0.1432	-0.50844
0.14328	-0.116814
0.14336	0.0789981
0.14344	0.0789981
0.14352	0.0789981
0.1436	0.274811
0.14368	0.470624
0.14376	0.274811
0.14384	0.0789981
0.14392	0.0789981
0.144	-0.116814
0.14408	0.0789981
0.14416	0.0789981
0.14424	0.274811
0.14432	0.274811
0.1444	0.666436
0.14448	0.666436
0.14456	0.666436
0.14464	0.862249
0.14472	1.05806
0.1448	1.44969
0.14488	1.6455
0.14496	1.44969
0.14504	1.44969
0.14512	1.6455
0.1452	1.84131
0.14528	1.84131
0.14536	1.6455
0.14544	1.6455
0.14552	1.84131
0.1456	2.03713
0.14568	2.23294
0.14576	2.03713
0.14584	1.84131
0.14592	1.84131
0.146	1.84131
0.14608	1.6455
0.14616	1.44969
0.14624	1.44969
0.14632	1.44969
0.1464	1.6455
0.14648	1.6455
0.14656	1.6455
0.14664	1.6455
0.14672	1.44969
0.1468	1.44969
0.14688	1.05806
0.14696	1.25388
0.14704	1.25388
0.14712	1.6455
0.1472	1.84131
0.14728	1.84131
0.14736	1.84131
0.14744	1.84131
0.14752	2.03713
0.1476	1.84131
0.14768	1.6455
0.14776	1.44969
0.14784	1.05806
0.14792	1.05806
0.148	1.05806
0.14808	1.25388
0.14816	1.6455
0.14824	2.03713
0.14832	2.03713
0.1484	2.23294
0.14848	2.23294
0.14856	2.03713
0.14864	1.6455
0.14872	1.44969
0.1488	1.25388
0.14888	1.25388
0.14896	1.44969
0.14904	1.6455
0.14912	1.6455
0.1492	1.84131
0.14928	2.03713
0.14936	2.23294
0.14944	2.42875
0.14952	2.42875
0.1496	2.23294
0.14968	2.03713
0.14976	1.6455
0.14984	1.25388
0.14992	1.25388
0.15	1.44969
0.15008	1.44969
0.15016	1.6455
0.15024	1.6455
0.15032	1.6455
0.1504	1.84131
0.15048	2.03713
0.15056	2.03713
0.15064	1.84131
0.15072	1.44969
0.1508	1.44969
0.15088	1.6455
0.15096	1.44969
0.15104	1.25388
0.15112	1.05806
0.1512	1.05806
0.15128	1.05806
0.15136	1.25388
0.15144	1.05806
0.15152	1.05806
0.1516	1.05806
0.15168	1.25388
0.15176	1.44969
0.15184	1.84131
0.15192	1.84131
0.152	1.84131
0.15208	1.6455
0.15216	1.44969
0.15224	1.25388
0.15232	0.862249
0.1524	0.470624
0.15248	0.274811
0.15256	0.0789981
0.15264	0.274811
0.15272	0.470624
0.1528	0.862249
0.15288	1.05806
0.15296	1.25388
0.15304	1.44969
0.15312	1.44969
0.1532	1.44969
0.15328	1.44969
0.15336	1.44969
0.15344	1.25388
0.15352	1.05806
0.1536	1.05806
0.15368	1.05806
0.15376	1.44969
0.15384	1.6455
0.15392	2.03713
0.154	2.23294
0.15408	2.42875
0.15416	2.42875
0.15424	2.23294
0.15432	2.03713
0.1544	1.6455
0.15448	1.25388
0.15456	0.862249
0.15464	0.666436
0.15472	0.470624
0.1548	0.666436
0.15488	0.862249
0.15496	1.05806
0.15504	1.25388
0.15512	1.25388
0.1552	1.25388
0.15528	1.25388
0.15536	0.862249
0.15544	0.666436
0.15552	0.470624
0.1556	0.470624
0.15568	0.274811
0.15576	0.274811
0.15584	0.470624
0.15592	0.666436
0.156	0.862249
0.15608	1.25388
0.15616	1.44969
0.15624	1.44969
0.15632	1.44969
0.1564	1.44969
0.15648	1.44969
0.15656	1.25388
0.15664	1.05806
0.15672	0.862249
0.1568	0.666436
0.15688	0.666436
0.15696	0.862249
0.15704	0.862249
0.15712	1.05806
0.1572	0.862249
0.15728	1.05806
0.15736	1.05806
0.15744	1.05806
0.15752	0.862249
0.1576	0.666436
0.15768	0.666436
0.15776	0.274811
0.15784	0.0789981
0.15792	0.0789981
0.158	0.0789981
0.15808	0.274811
0.15816	0.274811
0.15824	0.274811
0.15832	0.274811
0.1584	0.274811
0.15848	0.274811
0.15856	0.0789981
0.15864	-0.116814
0.15872	-0.312627
0.1588	-0.312627
0.15888	-0.312627
0.15896	-0.312627
0.15904	-0.312627
0.15912	-0.116814
0.1592	0.0789981
0.15928	0.274811
0.15936	0.470624
0.15944	0.470624
0.15952	0.274811
0.1596	0.0789981
0.15968	-0.116814
0.15976	-0.312627
0.15984	-0.312627
0.15992	-0.116814
0.16	0.0789981
0.16008	0.274811
0.16016	0.274811
0.16024	0.0789981
0.16032	0.0789981
0.1604	-0.116814
0.16048	-0.116814
0.16056	-0.116814
0.16064	0.0789981
0.16072	0.0789981
0.1608	0.0789981
0.16088	0.0789981
0.16096	0.274811
0.16104	0.666436
0.16112	0.862249
0.1612	1.05806
0.16128	1.05806
0.16136	1.05806
0.16144	1.25388
0.16152	1.25388
0.1616	1.44969
0.16168	1.44969
0.16176	1.25388
0.16184	1.25388
0.16192	1.05806
0.162	0.862249
0.16208	0.862249
0.16216	0.666436
0.16224	0.666436
0.16232	0.666436
0.1624	0.666436
0.16248	0.666436
0.16256	0.862249
0.16264	0.666436
0.16272	0.470624
0.1628	0.470624
0.16288	0.274811
0.16296	0.274811
0.16304	0.470624
0.16312	0.666436
0.1632	0.666436
0.16328	0.862249
0.16336	1.05806
0.16344	1.25388
0.16352	1.44969
0.1636	1.6455
0.16368	1.44969
0.16376	1.25388
0.16384	1.05806
0.16392	1.05806
0.164	1.05806
0.16408	1.05806
0.16416	1.05806
0.16424	1.05806
0.16432	0.862249
0.1644	0.666436
0.16448	0.470624
0.16456	0.470624
0.16464	0.0789981
0.16472	-0.116814
0.1648	-0.312627
0.16488	-0.704253
0.16496	-0.704253
0.16504	-0.704253
0.16512	-0.312627
0.1652	0.274811
0.16528	0.666436
0.16536	1.05806
0.16544	1.44969
0.16552	1.44969
0.1656	1.44969
0.16568	1.25388
0.16576	0.862249
0.16584	0.666436
0.16592	0.666436
0.166	0.470624
0.16608	0.470624
0.16616	0.666436
0.16624	0.666436
0.16632	0.862249
0.1664	0.862249
0.16648	0.862249
0.16656	0.666436
0.16664	0.274811
0.16672	0.0789981
0.1668	-0.116814
0.16688	-0.312627
0.16696	-0.50844
0.16704	-0.704253
0.16712	-0.704253
0.1672	-0.704253
0.16728	-0.704253
0.16736	-0.50844
0.16744	-0.50844
0.16752	-0.312627
0.1676	-0.116814
0.16768	0.0789981
0.16776	0.274811
0.16784	0.274811
0.16792	0.274811
0.168	0.274811
0.16808	0.0789981
0.16816	-0.116814
0.16824	-0.116814
0.16832	-0.116814
0.1684	0.0789981
0.16848	0.470624
0.16856	0.470624
0.16864	0.666436
0.16872	0.470624
0.1688	0.666436
0.16888	0.666436
0.16896	0.666436
0.16904	0.470624
0.16912	0.274811
0.1692	0.274811
0.16928	0.274811
0.16936	0.0789981
0.16944	0.0789981
0.16952	-0.116814
0.1696	-0.312627
0.16968	-0.116814
0.16976	0.0789981
0.16984	0.274811
0.16992	0.0789981
0.17	0.0789981
0.17008	-0.312627
0.17016	-0.312627
0.17024	-0.50844
0.17032	-0.312627
0.1704	-0.50844
0.17048	-0.50844
0.17056	-0.50844
0.17064	-0.50844
0.17072	-0.312627
0.1708	-0.312627
0.17088	-0.50844
0.17096	-0.50844
0.17104	-0.312627
0.17112	-0.312627
0.1712	0.0789981
0.17128	0.274811
0.17136	0.274811
0.17144	0.274811
0.17152	0.274811
0.1716	-0.116814
0.17168	-0.312627
0.17176	-0.50844
0.17184	-0.704253
0.17192	-0.900065
0.172	-0.900065
0.17208	-0.50844
0.17216	-0.116814
0.17224	0.470624
0.17232	0.666436
0.1724	0.862249
0.17248	0.862249
0.17256	0.862249
0.17264	0.666436
0.17272	0.470624
0.1728	0.274811
0.17288	0.0789981
0.17296	-0.116814
0.17304	-0.116814
0.17312	-0.116814
0.1732	0.274811
0.17328	0.862249
0.17336	1.25388
0.17344	1.44969
0.17352	1.44969
0.1736	1.25388
0.17368	1.05806
0.17376	0.666436
0.17384	0.274811
0.17392	-0.116814
0.174	-0.312627
0.17408	-0.50844
0.17416	-0.312627
0.17424	-0.116814
0.17432	0.0789981
0.1744	0.274811
0.17448	0.470624
0.17456	0.666436
0.17464	0.666436
0.17472	0.666436
0.1748	0.274811
0.17488	0.274811
0.17496	-0.116814
0.17504	-0.116814
0.17512	-0.116814
0.1752	0.0789981
0.17528	0.666436
0.17536	1.05806
0.17544	1.44969
0.17552	1.6455
0.1756	1.44969
0.17568	1.25388
0.17576	1.05806
0.17584	0.862249
0.17592	0.666436
0.176	0.470624
0.17608	0.274811
0.17616	0.274811
0.17624	0.274811
0.17632	0.274811
0.1764	0.470624
0.17648	0.666436
0.17656	0.862249
0.17664	1.05806
0.17672	1.25388
0.1768	1.25388
0.17688	1.44969
0.17696	1.6455
0.17704	1.6455
0.17712	1.44969
0.1772	1.25388
0.17728	1.05806
0.17736	1.05806
0.17744	1.25388
0.17752	1.05806
0.1776	0.862249
0.17768	0.862249
0.17776	0.470624
0.17784	0.274811
0.17792	0.0789981
0.178	-0.116814
0.17808	-0.116814
0.17816	-0.50844
0.17824	-0.900065
0.17832	-1.09588
0.1784	-0.704253
0.17848	-0.312627
0.17856	0.274811
0.17864	0.274811
0.17872	-0.116814
0.1788	-0.116814
0.17888	-0.116814
0.17896	0.0789981
0.17904	-0.312627
0.17912	-0.704253
0.1792	-0.704253
0.17928	-0.50844
0.17936	-0.116814
0.17944	0.0789981
0.17952	0.0789981
0.1796	0.0789981
0.17968	0.274811
0.17976	0.470624
0.17984	0.274811
0.17992	0.274811
0.18	-0.116814
0.18008	-0.312627
0.18016	-0.50844
0.18024	-0.704253
0.18032	-0.704253
0.1804	-0.50844
0.18048	-0.312627
0.18056	0.274811
0.18064	0.470624
0.18072	0.666436
0.1808	0.862249
0.18088	0.862249
0.18096	0.666436
0.18104	0.666436
0.18112	0.470624
0.1812	0.470624
0.18128	0.666436
0.18136	0.862249
0.18144	0.862249
0.18152	1.05806
0.1816	1.25388
0.18168	1.05806
0.18176	1.05806
0.18184	1.05806
0.18192	0.862249
0.182	0.862249
0.18208	0.470624
0.18216	-0.116814
0.18224	-0.50844
0.18232	-0.704253
0.1824	-0.704253
0.18248	-0.704253
0.18256	-0.50844
0.18264	-0.312627
0.18272	0.0789981
0.1828	0.274811
0.18288	0.470624
0.18296	0.470624
0.18304	0.666436
0.18312	0.666436
0.1832	0.666436
0.18328	0.666436
0.18336	0.666436
0.18344	0.862249
0.18352	1.25388
0.1836	1.44969
0.18368	1.84131
0.18376	2.03713
0.18384	2.23294
0.18392	2.23294
0.184	2.23294
0.18408	2.03713
0.18416	2.03713
0.18424	1.6455
0.18432	1.25388
0.1844	1.05806
0.18448	0.666436
0.18456	0.666436
0.18464	0.470624
0.18472	0.666436
0.1848	0.862249
0.18488	0.862249
0.18496	1.05806
0.18504	1.05806
0.18512	0.862249
0.1852	0.666436
0.18528	0.470624
0.18536	0.274811
0.18544	0.470624
0.18552	0.470624
0.1856	0.666436
0.18568	0.862249
0.18576	0.862249
0.18584	1.05806
0.18592	1.25388
0.186	1.25388
0.18608	1.05806
0.18616	0.862249
0.18624	0.862249
0.18632	0.666436
0.1864	0.666436
0.18648	0.666436
0.18656	0.470624
0.18664	0.470624
0.18672	0.666436
0.1868	0.470624
0.18688	0.470624
0.18696	0.470624
0.18704	0.666436
0.18712	0.666436
0.1872	0.666436
0.18728	0.666436
0.18736	0.470624
0.18744	0.274811
0.18752	0.274811
0.1876	0.470624
0.18768	0.666436
0.18776	1.05806
0.18784	1.44969
0.18792	1.6455
0.188	1.6455
0.18808	1.6455
0.18816	1.44969
0.18824	1.25388
0.18832	0.862249
0.1884	0.862249
0.18848	0.666436
0.18856	0.470624
0.18864	0.274811
0.18872	0.470624
0.1888	0.666436
0.18888	0.862249
0.18896	1.05806
0.18904	1.05806
0.18912	0.862249
0.1892	0.862249
0.18928	0.470624
0.18936	0.0789981
0.18944	-0.116814
0.18952	-0.312627
0.1896	-0.312627
0.18968	-0.50844
0.18976	-0.312627
0.18984	0.0789981
0.18992	0.274811
0.19	0.470624
0.19008	0.470624
0.19016	0.470624
0.19024	0.470624
0.19032	0.470624
0.1904	0.274811
0.19048	0.0789981
0.19056	-0.312627
0.19064	-0.312627
0.19072	-0.312627
0.1908	-0.312627
0.19088	-0.312627
0.19096	-0.312627
0.19104	-0.312627
0.19112	-0.312627
0.1912	-0.312627
0.19128	-0.312627
0.19136	-0.312627
0.19144	-0.312627
0.19152	-0.312627
0.1916	-0.50844
0.19168	-0.312627
0.19176	-0.50844
0.19184	-0.50844
0.19192	-0.50844
0.192	-0.704253
0.19208	-0.704253
0.19216	-0.50844
0.19224	-0.312627
0.19232	-0.116814
0.1924	-0.116814
0.19248	0.0789981
0.19256	0.0789981
0.19264	0.274811
0.19272	0.274811
0.1928	0.274811
0.19288	0.274811
0.19296	0.274811
0.19304	0.274811
0.19312	0.0789981
0.1932	0.0789981
0.19328	-0.116814
0.19336	0.0789981
0.19344	-0.116814
0.19352	0.0789981
0.1936	0.274811
0.19368	0.470624
0.19376	0.470624
0.19384	0.666436
0.19392	0.470624
0.194	0.274811
0.19408	0.0789981
0.19416	0.0789981
0.19424	0.274811
0.19432	0.274811
0.1944	0.0789981
0.19448	0.0789981
0.19456	0.274811
0.19464	0.470624
0.19472	0.862249
0.1948	1.25388
0.19488	1.44969
0.19496	1.84131
0.19504	2.23294
0.19512	2.42875
0.1952	2.23294
0.19528	2.23294
0.19536	2.03713
0.19544	1.84131
0.19552	1.6455
0.1956	1.44969
0.19568	1.25388
0.19576	1.25388
0.19584	1.25388
0.19592	1.25388
0.196	1.25388
0.19608	1.05806
0.19616	0.862249
0.19624	0.666436
0.19632	0.470624
0.1964	0.0789981
0.19648	-0.116814
0.19656	-0.312627
0.19664	-0.50844
0.19672	-0.50844
0.1968	-0.312627
0.19688	-0.312627
0.19696	-0.116814
0.19704	0.0789981
0.19712	0.274811
0.1972	0.470624
0.19728	0.666436
0.19736	0.666436
0.19744	0.666436
0.19752	0.666436
0.1976	0.666436
0.19768	0.666436
0.19776	0.666436
0.19784	0.666436
0.19792	0.666436
0.198	0.470624
0.19808	0.0789981
0.19816	-0.116814
0.19824	-0.312627
0.19832	-0.704253
0.1984	-0.704253
0.19848	-0.900065
0.19856	-1.09588
0.19864	-1.29169
0.19872	-1.29169
0.1988	-1.09588
0.19888	-1.09588
0.19896	-0.900065
0.19904	-0.704253
0.19912	-0.50844
0.1992	-0.116814
0.19928	0.0789981
0.19936	0.274811
0.19944	0.470624
0.19952	0.666436
0.1996	0.666436
0.19968	0.862249
0.19976	0.666436
0.19984	0.666436
0.19992	0.666436
0.2	0.862249
0.20008	0.862249
0.20016	0.862249
0.20024	0.862249
0.20032	0.666436
0.2004	0.666436
0.20048	0.470624
0.20056	0.470624
0.20064	0.470624
0.20072	0.470624
0.2008	0.274811
0.20088	0.0789981
0.20096	0.0789981
0.20104	0.274811
0.20112	0.274811
0.2012	0.470624
0.20128	0.274811
0.20136	0.274811
0.20144	0.470624
0.20152	0.470624
0.2016	0.666436
0.20168	0.666436
0.20176	0.862249
0.20184	0.862249
0.20192	0.862249
0.202	0.862249
0.20208	0.862249
0.20216	0.862249
0.20224	0.862249
0.20232	0.862249
0.2024	0.666436
0.20248	0.666436
0.20256	0.470624
0.20264	0.666436
0.20272	0.470624
0.2028	0.666436
0.20288	0.666436
0.20296	0.666436
0.20304	0.862249
0.20312	0.862249
0.2032	0.666436
0.20328	0.666436
0.20336	0.666436
0.20344	0.666436
0.20352	0.862249
0.2036	0.666436
0.20368	0.666436
0.20376	0.862249
0.20384	0.862249
0.20392	0.862249
0.204	0.862249
0.20408	0.862249
0.20416	0.862249
0.20424	1.05806
0.20432	0.862249
0.2044	0.666436
0.20448	0.470624
0.20456	0.0789981
0.20464	-0.116814
0.20472	-0.50844
0.2048	-0.50844
0.20488	-0.704253
0.20496	-0.704253
0.20504	-0.50844
0.20512	-0.312627
0.2052	-0.312627
0.20528	-0.116814
0.20536	0.0789981
0.20544	0.0789981
0.20552	-0.116814
0.2056	-0.312627
0.20568	-0.312627
0.20576	-0.50844
0.20584	-0.704253
0.20592	-0.50844
0.206	-0.312627
0.20608	-0.116814
0.20616	0.274811
0.20624	0.274811
0.20632	0.470624
0.2064	0.666436
0.20648	0.666436
0.20656	0.666436
0.20664	0.470624
0.20672	0.274811
0.2068	-0.116814
0.20688	-0.312627
0.20696	-0.50844
0.20704	-0.704253
0.20712	-0.50844
0.2072	-0.50844
0.20728	-0.50844
0.20736	-0.312627
0.20744	-0.312627
0.20752	-0.50844
0.2076	-0.50844
0.20768	-0.50844
0.20776	-0.704253
0.20784	-0.704253
0.20792	-0.704253
0.208	-0.900065
0.20808	-0.704253
0.20816	-0.704253
0.20824	-0.704253
0.20832	-0.50844
0.2084	-0.312627
0.20848	-0.116814
0.20856	-0.312627
0.20864	-0.312627
0.20872	-0.50844
0.2088	-0.704253
0.20888	-0.704253
0.20896	-0.704253
0.20904	-0.704253
0.20912	-0.900065
0.2092	-0.704253
0.20928	-0.50844
0.20936	-0.312627
0.20944	-0.116814
0.20952	-0.116814
0.2096	-0.116814
0.20968	-0.116814
0.20976	-0.116814
0.20984	-0.116814
0.20992	-0.50844
0.21	-0.704253
0.21008	-0.50844
0.21016	-0.50844
0.21024	-0.312627
0.21032	-0.312627
0.2104	-0.116814
0.21048	0.0789981
0.21056	0.0789981
0.21064	-0.116814
0.21072	-0.116814
0.2108	-0.116814
0.21088	-0.116814
0.21096	-0.116814
0.21104	-0.312627
0.21112	-0.312627
0.2112	0.0789981
0.21128	0.274811
0.21136	0.666436
0.21144	0.666436
0.21152	0.666436
0.2116	0.666436
0.21168	0.470624
0.21176	0.274811
0.21184	0.0789981
0.21192	-0.116814
0.212	-0.312627
0.21208	-0.312627
0.21216	-0.116814
0.21224	-0.116814
0.21232	0.0789981
0.2124	0.0789981
0.21248	0.274811
0.21256	0.274811
0.21264	0.274811
0.21272	0.0789981
0.2128	0.0789981
0.21288	-0.312627
0.21296	-0.312627
0.21304	-0.312627
0.21312	-0.312627
0.2132	-0.116814
0.21328	0.0789981
0.21336	-0.116814
0.21344	-0.50844
0.21352	-0.704253
0.2136	-0.704253
0.21368	-0.50844
0.21376	-0.116814
0.21384	-0.116814
0.21392	-0.116814
0.214	-0.312627
0.21408	-0.50844
0.21416	-0.50844
0.21424	-0.312627
0.21432	-0.116814
0.2144	0.0789981
0.21448	-0.116814
0.21456	-0.312627
0.21464	-0.50844
0.21472	-0.50844
0.2148	-0.50844
0.21488	-0.50844
0.21496	-0.50844
0.21504	-0.312627
0.21512	-0.116814
0.2152	0.0789981
0.21528	0.0789981
0.21536	0.0789981
0.21544	-0.116814
0.21552	-0.312627
0.2156	-0.50844
0.21568	-0.704253
0.21576	-0.900065
0.21584	-0.704253
0.21592	-0.704253
0.216	-0.50844
0.21608	-0.312627
0.21616	-0.116814
0.21624	-0.116814
0.21632	0.0789981
0.2164	-0.116814
0.21648	-0.116814
0.21656	-0.312627
0.21664	-0.312627
0.21672	-0.312627
0.2168	-0.116814
0.21688	-0.116814
0.21696	0.0789981
0.21704	0.274811
0.21712	0.470624
0.2172	0.470624
0.21728	0.470624
0.21736	0.470624
0.21744	0.274811
0.21752	0.0789981
0.2176	0.0789981
0.21768	0.0789981
0.21776	0.0789981
0.21784	0.0789981
0.21792	0.274811
0.218	0.0789981
0.21808	0.274811
0.21816	0.0789981
0.21824	-0.116814
0.21832	-0.312627
0.2184	-0.50844
0.21848	-0.50844
0.21856	-0.50844
0.21864	-0.50844
0.21872	-0.312627
0.2188	-0.312627
0.21888	-0.116814
0.21896	-0.116814
0.21904	0.0789981
0.21912	0.0789981
0.2192	0.0789981
0.21928	0.0789981
0.21936	-0.116814
0.21944	0.0789981
0.21952	0.0789981
0.2196	0.0789981
0.21968	0.0789981
0.21976	0.274811
0.21984	0.0789981
0.21992	0.274811
0.22	0.274811
0.22008	0.274811
0.22016	0.274811
0.22024	0.0789981
0.22032	0.274811
0.2204	0.0789981
0.22048	0.274811
0.22056	0.274811
0.22064	0.0789981
0.22072	-0.116814
0.2208	-0.312627
0.22088	-0.312627
0.22096	-0.312627
0.22104	-0.312627
0.22112	-0.312627
0.2212	-0.312627
0.22128	-0.312627
0.22136	-0.116814
0.22144	-0.116814
0.22152	0.0789981
0.2216	0.0789981
0.22168	0.0789981
0.22176	0.0789981
0.22184	0.0789981
0.22192	0.0789981
0.222	-0.116814
0.22208	-0.116814
0.22216	-0.116814
0.22224	0.0789981
0.22232	0.274811
0.2224	0.470624
0.22248	0.470624
0.22256	0.470624
0.22264	0.470624
0.22272	0.274811
0.2228	0.470624
0.22288	0.274811
0.22296	0.274811
0.22304	0.0789981
0.22312	0.0789981
0.2232	0.0789981
0.22328	-0.116814
0.22336	-0.116814
0.22344	-0.116814
0.22352	-0.116814
0.2236	-0.116814
0.22368	-0.116814
0.22376	-0.116814
0.22384	-0.116814
0.22392	-0.116814
0.224	-0.116814
0.22408	0.0789981
0.22416	0.0789981
0.22424	0.0789981
0.22432	0.0789981
0.2244	-0.116814
0.22448	-0.116814
0.22456	-0.116814
0.22464	-0.116814
0.22472	0.0789981
0.2248	0.274811
0.22488	0.274811
0.22496	0.470624
0.22504	0.274811
0.22512	0.274811
0.2252	0.0789981
0.22528	-0.312627
0.22536	-0.50844
0.22544	-0.50844
0.22552	-0.50844
0.2256	-0.312627
0.22568	-0.312627
0.22576	-0.116814
0.22584	0.0789981
0.22592	0.0789981
0.226	0.274811
0.22608	0.274811
0.22616	0.274811
0.22624	0.0789981
0.22632	0.0789981
0.2264	-0.116814
0.22648	-0.116814
0.22656	-0.312627
0.22664	-0.116814
0.22672	0.0789981
0.2268	0.0789981
0.22688	0.274811
0.22696	0.274811
0.22704	0.0789981
0.22712	-0.116814
0.2272	-0.116814
0.22728	-0.312627
0.22736	-0.312627
0.22744	-0.312627
0.22752	-0.312627
0.2276	-0.116814
0.22768	-0.116814
0.22776	-0.116814
0.22784	0.0789981
0.22792	0.0789981
0.228	0.274811
0.22808	0.274811
0.22816	0.274811
0.22824	0.0789981
0.22832	0.274811
0.2284	0.0789981
0.22848	0.274811
0.22856	0.274811
0.22864	0.470624
0.22872	0.470624
0.2288	0.470624
0.22888	0.470624
0.22896	0.274811
0.22904	0.274811
0.22912	0.274811
0.2292	0.274811
0.22928	0.274811
0.22936	0.274811
0.22944	0.274811
0.22952	0.470624
0.2296	0.470624
0.22968	0.470624
0.22976	0.274811
0.22984	0.274811
0.22992	0.274811
0.23	0.0789981
0.23008	0.0789981
0.23016	0.274811
0.23024	0.274811
0.23032	0.274811
0.2304	0.470624
0.23048	0.470624
0.23056	0.470624
0.23064	0.274811
0.23072	0.470624
0.2308	0.470624
0.23088	0.470624
0.23096	0.274811
0.23104	0.274811
0.23112	0.0789981
0.2312	0.274811
0.23128	0.274811
0.23136	0.274811
0.23144	0.470624
0.23152	0.470624
0.2316	0.470624
0.23168	0.470624
0.23176	0.470624
0.23184	0.470624
0.23192	0.470624
0.232	0.470624
0.23208	0.470624
0.23216	0.470624
0.23224	0.274811
0.23232	0.470624
0.2324	0.470624
0.23248	0.470624
0.23256	0.666436
0.23264	0.666436
0.23272	0.862249
0.2328	0.862249
0.23288	0.862249
0.23296	0.862249
0.23304	0.666436
0.23312	0.666436
0.2332	0.470624
0.23328	0.470624
0.23336	0.470624
0.23344	0.666436
0.23352	0.862249
0.2336	0.666436
0.23368	0.666436
0.23376	0.666436
0.23384	0.470624
0.23392	0.470624
0.234	0.274811
0.23408	0.470624
0.23416	0.470624
0.23424	0.274811
0.23432	0.274811
0.2344	0.274811
0.23448	0.274811
0.23456	0.274811
0.23464	0.470624
0.23472	0.470624
0.2348	0.274811
0.23488	0.274811
0.23496	0.0789981
0.23504	0.0789981
0.23512	0.0789981
0.2352	0.0789981
0.23528	0.0789981
0.23536	0.274811
0.23544	0.274811
0.23552	0.274811
0.2356	0.470624
0.23568	0.470624
0.23576	0.470624
0.23584	0.274811
0.23592	0.274811
0.236	0.0789981
0.23608	0.274811
0.23616	0.274811
0.23624	0.274811
0.23632	0.274811
0.2364	0.274811
0.23648	0.274811
0.23656	0.274811
0.23664	0.470624
0.23672	0.470624
0.2368	0.470624
0.23688	0.274811
0.23696	0.274811
0.23704	0.274811
0.23712	0.274811
0.2372	0.274811
0.23728	0.274811
0.23736	0.274811
0.23744	0.274811
0.23752	0.470624
0.2376	0.470624
0.23768	0.470624
0.23776	0.470624
0.23784	0.470624
0.23792	0.274811
0.238	0.274811
0.23808	0.274811
0.23816	0.274811
0.23824	0.0789981
0.23832	0.0789981
0.2384	0.274811
0.23848	0.274811
0.23856	0.470624
0.23864	0.470624
0.23872	0.274811
0.2388	0.274811
0.23888	0.274811
0.23896	0.274811
0.23904	0.274811
0.23912	0.0789981
0.2392	0.0789981
0.23928	-0.116814
0.23936	0.0789981
0.23944	0.0789981
0.23952	0.0789981
0.2396	-0.116814
0.23968	0.0789981
0.23976	0.0789981
0.23984	0.274811
0.23992	0.274811
0.24	0.470624
0.24008	0.470624
0.24016	0.274811
0.24024	0.274811
0.24032	0.470624
0.2404	0.470624
0.24048	0.470624
0.24056	0.470624
0.24064	0.274811
0.24072	0.274811
0.2408	0.0789981
0.24088	0.274811
0.24096	0.470624
0.24104	0.274811
0.24112	0.274811
0.2412	0.0789981
0.24128	0.0789981
0.24136	0.0789981
0.24144	0.0789981
0.24152	0.274811
0.2416	0.0789981
0.24168	-0.116814
0.24176	-0.116814
0.24184	-0.116814
0.24192	0.0789981
0.242	0.274811
0.24208	0.0789981
0.24216	0.0789981
0.24224	0.0789981
0.24232	0.0789981
0.2424	0.274811
0.24248	0.274811
0.24256	0.274811
0.24264	0.274811
0.24272	0.274811
0.2428	0.470624
0.24288	0.274811
0.24296	0.274811
0.24304	0.274811
0.24312	0.0789981
0.2432	-0.116814
0.24328	-0.116814
0.24336	-0.116814
0.24344	-0.116814
0.24352	-0.116814
0.2436	-0.116814
0.24368	0.0789981
0.24376	0.0789981
0.24384	0.0789981
0.24392	-0.116814
0.244	-0.116814
0.24408	-0.116814
0.24416	-0.116814
0.24424	-0.312627
0.24432	-0.312627
0.2444	-0.312627
0.24448	-0.116814
0.24456	0.0789981
0.24464	0.0789981
0.24472	0.0789981
0.2448	0.274811
0.24488	0.274811
0.24496	0.274811
0.24504	0.274811
0.24512	0.274811
0.2452	-0.116814
0.24528	0.0789981
0.24536	-0.116814
0.24544	-0.116814
0.24552	0.0789981
0.2456	0.274811
0.24568	0.274811
0.24576	0.274811
0.24584	0.274811
0.24592	0.274811
0.246	0.274811
0.24608	0.274811
0.24616	0.0789981
0.24624	0.0789981
0.24632	0.0789981
0.2464	0.0789981
0.24648	0.0789981
0.24656	-0.116814
0.24664	0.0789981
0.24672	-0.116814
0.2468	-0.116814
0.24688	-0.116814
0.24696	-0.116814
0.24704	0.0789981
0.24712	-0.116814
0.2472	-0.116814
0.24728	-0.116814
0.24736	0.0789981
0.24744	-0.312627
0.24752	-0.312627
0.2476	-0.312627
0.24768	-0.116814
0.24776	-0.116814
0.24784	-0.116814
0.24792	0.0789981
0.248	0.0789981
0.24808	0.0789981
0.24816	0.274811
0.24824	0.274811
0.24832	0.274811
0.2484	0.0789981
0.24848	0.274811
0.24856	0.0789981
0.24864	0.0789981
0.24872	-0.116814
0.2488	-0.116814
0.24888	-0.312627
0.24896	-0.312627
0.24904	-0.312627
0.24912	-0.312627
0.2492	-0.312627
0.24928	-0.116814
0.24936	-0.312627
0.24944	-0.116814
0.24952	-0.312627
0.2496	-0.312627
0.24968	-0.312627
0.24976	-0.50844
0.24984	-0.312627
0.24992	-0.50844
0.25	-0.50844
0.25008	-0.50844
0.25016	-0.312627
0.25024	-0.312627
0.25032	-0.116814
0.2504	-0.116814
0.25048	0.0789981
0.25056	-0.116814
0.25064	-0.116814
0.25072	-0.116814
0.2508	-0.116814
0.25088	-0.312627
0.25096	-0.312627
0.25104	-0.312627
0.25112	-0.312627
0.2512	-0.116814
0.25128	0.0789981
0.25136	-0.116814
0.25144	0.0789981
0.25152	0.0789981
0.2516	0.274811
0.25168	0.274811
0.25176	0.0789981
0.25184	0.0789981
0.25192	-0.312627
0.252	-0.312627
0.25208	-0.116814
0.25216	-0.116814
0.25224	-0.116814
0.25232	0.0789981
0.2524	0.0789981
0.25248	0.0789981
0.25256	0.274811
0.25264	0.274811
0.25272	0.0789981
0.2528	0.0789981
0.25288	0.0789981
0.25296	-0.116814
0.25304	-0.116814
0.25312	-0.116814
0.2532	-0.116814
0.25328	0.0789981
0.25336	0.274811
0.25344	0.0789981
0.25352	0.0789981
0.2536	0.0789981
0.25368	0.0789981
0.25376	0.0789981
0.25384	-0.116814
0.25392	-0.312627
0.254	-0.312627
0.25408	-0.116814
0.25416	-0.116814
0.25424	0.0789981
0.25432	-0.116814
0.2544	-0.116814
0.25448	-0.116814
0.25456	-0.116814
0.25464	-0.116814
0.25472	-0.116814
0.2548	-0.116814
0.25488	-0.116814
0.25496	-0.312627
0.25504	-0.312627
0.25512	-0.312627
0.2552	-0.312627
0.25528	-0.312627
0.25536	-0.312627
0.25544	-0.116814
0.25552	0.0789981
0.2556	0.0789981
0.25568	-0.116814
0.25576	-0.116814
0.25584	-0.116814
0.25592	-0.312627
0.256	-0.312627
0.25608	-0.116814
0.25616	-0.312627
0.25624	-0.116814
0.25632	-0.116814
0.2564	-0.116814
0.25648	-0.116814
0.25656	-0.116814
0.25664	-0.116814
0.25672	0.0789981
0.2568	-0.116814
0.25688	-0.312627
0.25696	-0.312627
0.25704	-0.50844
0.25712	-0.50844
0.2572	-0.312627
0.25728	-0.312627
0.25736	-0.312627
0.25744	-0.116814
0.25752	-0.116814
0.2576	-0.116814
0.25768	-0.116814
0.25776	-0.116814
0.25784	-0.116814
0.25792	-0.116814
0.258	-0.312627
0.25808	-0.312627
0.25816	-0.50844
0.25824	-0.312627
0.25832	-0.312627
0.2584	-0.116814
0.25848	-0.116814
0.25856	-0.116814
0.25864	-0.116814
0.25872	-0.116814
0.2588	-0.312627
0.25888	-0.312627
0.25896	-0.50844
0.25904	-0.704253
0.25912	-0.704253
0.2592	-0.704253
0.25928	-0.704253
0.25936	-0.704253
0.25944	-0.50844
0.25952	-0.50844
0.2596	-0.50844
0.25968	-0.312627
0.25976	-0.312627
0.25984	-0.312627
0.25992	-0.312627
0.26	-0.116814
0.26008	-0.312627
0.26016	-0.312627
0.26024	-0.312627
0.26032	-0.312627
0.2604	-0.312627
0.26048	-0.312627
0.26056	-0.312627
0.26064	-0.312627
0.26072	-0.116814
0.2608	-0.116814
0.26088	-0.116814
0.26096	-0.312627
0.26104	-0.312627
0.26112	-0.50844
0.2612	-0.50844
0.26128	-0.704253
0.26136	-0.900065
0.26144	-0.900065
0.26152	-0.704253
0.2616	-0.50844
0.26168	-0.50844
0.26176	-0.50844
0.26184	-0.312627
0.26192	-0.312627
0.262	-0.116814
0.26208	-0.116814
0.26216	-0.312627
0.26224	-0.312627
0.26232	-0.50844
0.2624	-0.50844
0.26248	-0.50844
0.26256	-0.312627
0.26264	-0.312627
0.26272	-0.116814
0.2628	0.0789981
0.26288	0.0789981
0.26296	0.0789981
0.26304	0.0789981
0.26312	-0.116814
0.2632	-0.312627
0.26328	-0.50844
0.26336	-0.50844
0.26344	-0.704253
0.26352	-0.704253
0.2636	-0.50844
0.26368	-0.50844
0.26376	-0.50844
0.26384	-0.312627
0.26392	-0.116814
0.264	-0.116814
0.26408	-0.116814
0.26416	-0.312627
0.26424	-0.312627
0.26432	-0.312627
0.2644	-0.312627
0.26448	-0.312627
0.26456	-0.312627
0.26464	-0.312627
0.26472	-0.312627
0.2648	-0.116814
0.26488	-0.116814
0.26496	0.0789981
0.26504	0.0789981
0.26512	0.0789981
0.2652	0.0789981
0.26528	0.0789981
0.26536	0.0789981
0.26544	0.0789981
0.26552	-0.116814
0.2656	-0.116814
0.26568	-0.312627
0.26576	-0.312627
0.26584	-0.312627
0.26592	-0.116814
0.266	-0.116814
0.26608	-0.116814
0.26616	-0.116814
0.26624	-0.312627
0.26632	-0.312627
0.2664	-0.312627
0.26648	-0.312627
0.26656	-0.312627
0.26664	-0.312627
0.26672	-0.312627
0.2668	-0.312627
0.26688	-0.312627
0.26696	-0.116814
0.26704	-0.116814
0.26712	-0.116814
0.2672	-0.312627
0.26728	-0.312627
0.26736	-0.312627
0.26744	-0.312627
0.26752	-0.312627
0.2676	-0.312627
0.26768	-0.312627
0.26776	-0.312627
0.26784	-0.312627
0.26792	-0.116814
0.268	-0.116814
0.26808	-0.116814
0.26816	-0.116814
0.26824	-0.116814
0.26832	-0.116814
0.2684	-0.116814
0.26848	-0.116814
0.26856	-0.312627
0.26864	-0.312627
0.26872	-0.312627
0.2688	-0.312627
0.26888	-0.116814
0.26896	-0.116814
0.26904	-0.116814
0.26912	0.0789981
0.2692	0.0789981
0.26928	0.274811
0.26936	0.0789981
0.26944	-0.116814
0.26952	-0.116814
0.2696	-0.312627
0.26968	-0.312627
0.26976	-0.116814
0.26984	-0.312627
0.26992	-0.116814
0.27	-0.116814
0.27008	-0.116814
0.27016	0.0789981
0.27024	0.274811
0.27032	0.274811
0.2704	0.274811
0.27048	0.274811
0.27056	0.0789981
0.27064	0.0789981
0.27072	-0.116814
0.2708	-0.116814
0.27088	-0.116814
0.27096	-0.116814
0.27104	-0.116814
0.27112	-0.116814
0.2712	0.0789981
0.27128	0.274811
0.27136	0.0789981
0.27144	0.274811
0.27152	0.0789981
0.2716	-0.116814
0.27168	-0.116814
0.27176	-0.116814
0.27184	-0.116814
0.27192	-0.116814
0.272	-0.116814
0.27208	-0.116814
0.27216	-0.116814
0.27224	-0.116814
0.27232	-0.116814
0.2724	-0.116814
0.27248	-0.116814
0.27256	-0.116814
0.27264	-0.116814
0.27272	-0.116814
0.2728	-0.116814
0.27288	-0.116814
0.27296	-0.116814
0.27304	0.0789981
0.27312	0.0789981
0.2732	0.0789981
0.27328	0.0789981
0.27336	-0.116814
0.27344	0.0789981
0.27352	0.0789981
0.2736	0.0789981
0.27368	0.0789981
0.27376	0.274811
0.27384	0.274811
0.27392	0.274811
0.274	0.274811
0.27408	0.274811
0.27416	0.274811
0.27424	0.274811
0.27432	0.274811
0.2744	0.274811
0.27448	0.0789981
0.27456	0.0789981
0.27464	0.0789981
0.27472	-0.116814
0.2748	-0.116814
0.27488	-0.116814
0.27496	-0.116814
0.27504	0.0789981
0.27512	0.0789981
0.2752	0.0789981
0.27528	0.0789981
0.27536	0.0789981
0.27544	0.0789981
0.27552	-0.116814
0.2756	0.0789981
0.27568	0.0789981
0.27576	0.0789981
0.27584	0.0789981
0.27592	0.0789981
0.276	0.0789981
0.27608	0.274811
0.27616	0.274811
0.27624	0.274811
0.27632	0.274811
0.2764	0.274811
0.27648	0.274811
0.27656	0.274811
0.27664	0.0789981
0.27672	-0.116814
0.2768	-0.116814
0.27688	-0.312627
0.27696	-0.312627
0.27704	-0.312627
0.27712	-0.312627
0.2772	-0.116814
0.27728	-0.116814
0.27736	0.0789981
0.27744	0.0789981
0.27752	0.0789981
0.2776	0.0789981
0.27768	0.0789981
0.27776	-0.116814
0.27784	-0.116814
0.27792	-0.116814
0.278	-0.116814
0.27808	-0.116814
0.27816	0.0789981
0.27824	0.470624
0.27832	0.470624
0.2784	0.470624
0.27848	0.470624
0.27856	0.470624
0.27864	0.470624
0.27872	0.274811
0.2788	0.0789981
0.27888	0.0789981
0.27896	-0.116814
0.27904	-0.116814
0.27912	-0.312627
0.2792	-0.312627
0.27928	-0.116814
0.27936	0.0789981
0.27944	0.0789981
0.27952	0.274811
0.2796	0.0789981
0.27968	0.0789981
0.27976	-0.116814
0.27984	0.0789981
0.27992	0.0789981
0.28	-0.116814
0.28008	-0.116814
0.28016	0.0789981
0.28024	0.274811
0.28032	0.274811
0.2804	0.274811
0.28048	0.470624
0.28056	0.470624
0.28064	0.470624
0.28072	0.274811
0.2808	0.274811
0.28088	0.0789981
0.28096	0.0789981
0.28104	0.0789981
0.28112	0.0789981
0.2812	0.0789981
0.28128	-0.116814
0.28136	0.0789981
0.28144	-0.116814
0.28152	0.0789981
0.2816	-0.116814
0.28168	-0.116814
0.28176	-0.116814
0.28184	-0.312627
0.28192	-0.312627
0.282	-0.312627
0.28208	-0.116814
0.28216	0.0789981
0.28224	0.0789981
0.28232	0.0789981
0.2824	0.0789981
0.28248	0.0789981
0.28256	0.0789981
0.28264	0.274811
0.28272	0.274811
0.2828	0.274811
0.28288	0.274811
0.28296	0.274811
0.28304	0.0789981
0.28312	0.0789981
0.2832	0.0789981
0.28328	0.0789981
0.28336	-0.116814
0.28344	0.0789981
0.28352	0.0789981
0.2836	0.0789981
0.28368	0.0789981
0.28376	0.0789981
0.28384	0.0789981
0.28392	0.274811
0.284	0.0789981
0.28408	0.0789981
0.28416	0.0789981
0.28424	-0.116814
0.28432	-0.116814
0.2844	-0.312627
0.28448	-0.312627
0.28456	-0.312627
0.28464	-0.116814
0.28472	0.0789981
0.2848	0.274811
0.28488	0.274811
0.28496	0.274811
0.28504	0.0789981
0.28512	0.0789981
0.2852	-0.116814
0.28528	-0.116814
0.28536	-0.116814
0.28544	-0.116814
0.28552	-0.116814
0.2856	0.0789981
0.28568	0.0789981
0.28576	0.0789981
0.28584	0.274811
0.28592	0.0789981
0.286	-0.116814
0.28608	-0.116814
0.28616	-0.312627
0.28624	-0.312627
0.28632	-0.312627
0.2864	-0.312627
0.28648	-0.116814
0.28656	-0.312627
0.28664	-0.116814
0.28672	-0.116814
0.2868	0.0789981
0.28688	0.0789981
0.28696	0.0789981
0.28704	-0.116814
0.28712	-0.116814
0.2872	-0.116814
0.28728	-0.116814
0.28736	0.0789981
0.28744	-0.116814
0.28752	0.0789981
0.2876	0.0789981
0.28768	0.0789981
0.28776	0.0789981
0.28784	-0.116814
0.28792	-0.116814
0.288	-0.116814
0.28808	-0.116814
0.28816	-0.312627
0.28824	-0.312627
0.28832	-0.312627
0.2884	-0.312627
0.28848	-0.116814
0.28856	0.0789981
0.28864	0.0789981
0.28872	0.0789981
0.2888	0.0789981
0.28888	0.274811
0.28896	0.0789981
0.28904	-0.116814
0.28912	0.0789981
0.2892	-0.116814
0.28928	0.0789981
0.28936	0.0789981
0.28944	0.0789981
0.28952	-0.116814
0.2896	0.0789981
0.28968	0.0789981
0.28976	0.0789981
0.28984	0.0789981
0.28992	0.0789981
0.29	0.0789981
0.29008	0.0789981
0.29016	0.0789981
0.29024	-0.116814
0.29032	-0.116814
0.2904	-0.116814
0.29048	-0.312627
0.29056	-0.312627
0.29064	-0.312627
0.29072	-0.312627
0.2908	-0.116814
0.29088	0.0789981
0.29096	0.0789981
0.29104	0.0789981
0.29112	0.0789981
0.2912	0.0789981
0.29128	0.0789981
0.29136	0.0789981
0.29144	0.0789981
0.29152	0.0789981
0.2916	0.0789981
0.29168	0.0789981
0.29176	0.274811
0.29184	0.274811
0.29192	0.274811
0.292	0.470624
0.29208	0.470624
0.29216	0.274811
0.29224	0.274811
0.29232	0.274811
0.2924	0.0789981
0.29248	0.0789981
0.29256	-0.116814
0.29264	0.0789981
0.29272	0.0789981
0.2928	0.0789981
0.29288	0.0789981
0.29296	0.0789981
0.29304	-0.116814
0.29312	-0.116814
0.2932	-0.116814
0.29328	-0.116814
0.29336	-0.116814
0.29344	-0.116814
0.29352	-0.116814
0.2936	0.0789981
0.29368	0.0789981
0.29376	0.0789981
0.29384	0.274811
0.29392	0.274811
0.294	0.0789981
0.29408	0.274811
0.29416	0.0789981
0.29424	0.0789981
0.29432	-0.116814
0.2944	0.0789981
0.29448	0.0789981
0.29456	0.0789981
0.29464	0.0789981
0.29472	0.0789981
0.2948	0.0789981
0.29488	-0.116814
0.29496	-0.116814
0.29504	-0.116814
0.29512	-0.116814
0.2952	-0.312627
0.29528	-0.312627
0.29536	-0.116814
0.29544	-0.116814
0.29552	-0.116814
0.2956	0.0789981
0.29568	0.274811
0.29576	0.0789981
0.29584	0.274811
0.29592	0.0789981
0.296	0.0789981
0.29608	-0.116814
0.29616	-0.116814
0.29624	-0.116814
0.29632	-0.116814
0.2964	-0.116814
0.29648	-0.116814
0.29656	0.0789981
0.29664	0.0789981
0.29672	0.274811
0.2968	0.274811
0.29688	0.0789981
0.29696	0.0789981
0.29704	0.0789981
0.29712	0.0789981
0.2972	-0.116814
0.29728	-0.116814
0.29736	-0.116814
0.29744	-0.312627
0.29752	-0.312627
0.2976	-0.116814
0.29768	-0.116814
0.29776	-0.116814
0.29784	-0.116814
0.29792	0.0789981
0.298	0.0789981
0.29808	-0.116814
0.29816	-0.116814
0.29824	-0.116814
0.29832	-0.312627
0.2984	-0.312627
0.29848	-0.312627
0.29856	-0.312627
0.29864	-0.312627
0.29872	-0.116814
0.2988	-0.116814
0.29888	0.0789981
0.29896	0.0789981
0.29904	0.274811
0.29912	0.274811
0.2992	0.0789981
0.29928	-0.116814
0.29936	-0.312627
0.29944	-0.312627
0.29952	-0.50844
0.2996	-0.50844
0.29968	-0.312627
0.29976	-0.50844
0.29984	-0.312627
0.29992	-0.312627
0.3	-0.312627
0.30008	-0.312627
0.30016	-0.312627
0.30024	-0.312627
0.30032	-0.312627
0.3004	-0.312627
0.30048	-0.50844
0.30056	-0.50844
0.30064	-0.312627
0.30072	-0.312627
0.3008	-0.312627
0.30088	-0.312627
0.30096	-0.116814
0.30104	0.0789981
0.30112	0.0789981
0.3012	0.0789981
0.30128	-0.116814
0.30136	-0.116814
0.30144	-0.116814
0.30152	-0.116814
0.3016	-0.116814
0.30168	-0.116814
0.30176	-0.312627
0.30184	-0.312627
0.30192	-0.116814
0.302	-0.116814
0.30208	-0.116814
0.30216	-0.116814
0.30224	0.0789981
0.30232	-0.116814
0.3024	-0.116814
0.30248	0.0789981
0.30256	-0.116814
0.30264	-0.116814
0.30272	-0.116814
0.3028	-0.116814
0.30288	-0.116814
0.30296	-0.116814
0.30304	-0.116814
0.30312	-0.116814
0.3032	-0.116814
0.30328	-0.116814
0.30336	-0.116814
0.30344	-0.116814
0.30352	0.0789981
0.3036	0.0789981
0.30368	0.0789981
0.30376	0.0789981
0.30384	-0.116814
0.30392	-0.116814
0.304	-0.116814
0.30408	0.0789981
0.30416	0.0789981
0.30424	0.0789981
0.30432	0.0789981
0.3044	0.0789981
0.30448	-0.116814
0.30456	-0.116814
0.30464	-0.116814
0.30472	-0.116814
0.3048	-0.116814
0.30488	-0.116814
0.30496	0.0789981
0.30504	0.0789981
0.30512	0.0789981
0.3052	0.0789981
0.30528	0.0789981
0.30536	0.0789981
0.30544	0.0789981
0.30552	0.0789981
0.3056	-0.116814
0.30568	-0.116814
0.30576	-0.116814
0.30584	-0.116814
0.30592	0.0789981
0.306	0.0789981
0.30608	0.0789981
0.30616	0.274811
0.30624	0.274811
0.30632	0.274811
0.3064	0.274811
0.30648	0.0789981
0.30656	-0.116814
0.30664	-0.116814
0.30672	-0.116814
0.3068	-0.116814
0.30688	-0.312627
0.30696	-0.312627
0.30704	-0.116814
0.30712	-0.116814
0.3072	0.0789981
0.30728	-0.116814
0.30736	0.0789981
0.30744	0.0789981
0.30752	-0.116814
0.3076	0.0789981
0.30768	-0.116814
0.30776	-0.116814
0.30784	-0.116814
0.30792	-0.116814
0.308	-0.116814
0.30808	0.0789981
0.30816	0.0789981
0.30824	0.274811
0.30832	0.274811
0.3084	0.274811
0.30848	0.0789981
0.30856	0.0789981
0.30864	-0.116814
0.30872	0.0789981
0.3088	-0.116814
0.30888	-0.312627
0.30896	-0.312627
0.30904	-0.312627
0.30912	-0.116814
0.3092	-0.312627
0.30928	-0.116814
0.30936	-0.116814
0.30944	0.0789981
0.30952	0.0789981
0.3096	0.0789981
0.30968	0.0789981
0.30976	0.0789981
0.30984	0.0789981
0.30992	0.0789981
0.31	0
0.31008	0
0.31016	0
0.31024	0
0.31032	0
0.3104	0
0.31048	0
0.31056	0
0.31064	0
0.31072	0
0.3108	0
0.31088	0
0.31096	0
0.31104	0
0.31112	0
0.3112	0
0.31128	0
0.31136	0
0.31144	0
0.31152	0
0.3116	0
0.31168	0
0.31176	0
0.31184	0
0.31192	0
0.312	0
0.31208	0
0.31216	0
0.31224	0
0.31232	0
0.3124	0
0.31248	0
0.31256	0
0.31264	0
0.31272	0
0.3128	0
0.31288	0
0.31296	0
0.31304	0
0.31312	0
0.3132	0
0.31328	0
0.31336	0
0.31344	0
0.31352	0
0.3136	0
0.31368	0
0.31376	0
0.31384	0
0.31392	0
0.314	0
0.31408	0
0.31416	0
0.31424	0
0.31432	0
0.3144	0
0.31448	0
0.31456	0
0.31464	0
0.31472	0
0.3148	0
0.31488	0
0.31496	0
0.31504	0
0.31512	0
0.3152	0
0.31528	0
0.31536	0
0.31544	0
0.31552	0
0.3156	0
0.31568	0
0.31576	0
0.31584	0
0.31592	-0.313083
0.316	-0.313083
0.31608	0.0775484
0.31616	0.0775484
0.31624	0.0775484
0.31632	0.0775484
0.3164	-0.117768
0.31648	-0.117768
0.31656	-0.117768
0.31664	-0.117768
0.31672	0.0775484
0.3168	-0.117768
0.31688	0.0775484
0.31696	-0.117768
0.31704	-0.117768
0.31712	-0.117768
0.3172	-0.117768
0.31728	-0.117768
0.31736	-0.117768
0.31744	-0.117768
0.31752	-0.313083
0.3176	-0.117768
0.31768	-0.117768
0.31776	0.0775484
0.31784	-0.117768
0.31792	-0.117768
0.318	-0.117768
0.31808	-0.117768
0.31816	-0.117768
0.31824	0.0775484
0.31832	0.0775484
0.3184	-0.117768
0.31848	-0.117768
0.31856	-0.313083
0.31864	-0.313083
0.31872	-0.117768
0.3188	0.0775484
0.31888	0.0775484
0.31896	-0.117768
0.31904	-0.117768
0.31912	-0.313083
0.3192	-0.117768
0.31928	-0.117768
0.31936	0.0775484
0.31944	0.0775484
0.31952	0.0775484
0.3196	0.0775484
0.31968	0.0775484
0.31976	-0.117768
0.31984	0.0775484
0.31992	0.0775484
0.32	0.0775484
0.32008	0.0775484
0.32016	0.0775484
0.32024	-0.117768
0.32032	-0.117768
0.3204	-0.117768
0.32048	-0.117768
0.32056	0.0775484
0.32064	0.0775484
0.32072	0.0775484
0.3208	-0.117768
0.32088	-0.117768
0.32096	-0.117768
0.32104	-0.117768
0.32112	0.0775484
0.3212	0.0775484
0.32128	0.0775484
0.32136	-0.117768
0.32144	-0.117768
0.32152	-0.117768
0.3216	0.0775484
0.32168	0.272864
0.32176	0.272864
0.32184	0.0775484
0.32192	0.0775484
0.322	0.0775484
0.32208	-0.117768
0.32216	-0.117768
0.32224	-0.117768
0.32232	-0.313083
0.3224	-0.117768
0.32248	-0.117768
0.32256	-0.117768
0.32264	0.0775484
0.32272	0.0775484
0.3228	-0.117768
0.32288	-0.117768
0.32296	-0.117768
0.32304	-0.117768
0.32312	0.0775484
0.3232	0.0775484
0.32328	0.0775484
0.32336	0.0775484
0.32344	-0.117768
0.32352	-0.117768
0.3236	0.0775484
0.32368	0.0775484
0.32376	0.0775484
0.32384	0.0775484
0.32392	0
0.324	0
0.32408	0
0.32416	0
0.32424	0
0.32432	0
0.3244	0
0.32448	0
0.32456	0
0.32464	0
0.32472	0
0.3248	0
0.32488	0
0.32496	0
0.32504	0
0.32512	0
0.3252	0
0.32528	0
0.32536	0
0.32544	0
0.32552	0
0.3256	0
0.32568	0
0.32576	0
0.32584	0
0.32592	0
0.326	0
0.32608	0
0.32616	0
0.32624	0
0.32632	0
0.3264	0
0.32648	0
0.32656	0
0.32664	0
0.32672	0
0.3268	0
0.32688	0
0.32696	0
0.32704	0
0.32712	0
0.3272	0
0.32728	0
0.32736	0
0.32744	0
0.32752	0
0.3276	0
0.32768	0
0.32776	0
0.32784	0
0.32792	0
0.328	0
0.32808	0
0.32816	0
0.32824	0
0.32832	0
0.3284	0
0.32848	0
0.32856	0
0.32864	0
0.32872	0
0.3288	0
0.32888	0
0.32896	0
0.32904	0
0.32912	0
0.3292	0
0.32928	0
0.32936	0
0.32944	0
0.32952	0
0.3296	0
0.32968	0
0.32976	0
0.32984	0
0.32992	0
0.33	0
0.33008	0