-0.02008	-0.0730174
-0.02	-0.0730174
-0.01992	-0.0730174
-0.01984	-0.268119
-0.01976	-0.0730174
-0.01968	-0.0730174
-0.0196	-0.0730174
-0.01952	-0.0730174
-0.01944	-0.0730174
-0.01936	-0.0730174
-0.01928	-0.268119
-0.0192	-0.0730174
-0.01912	-0.0730174
-0.01904	-0.0730174
-0.01896	0.122086
-0.01888	-0.0730174
-0.0188	-0.0730174
-0.01872	-0.0730174
-0.01864	-0.0730174
-0.01856	-0.268119
-0.01848	-0.268119
-0.0184	-0.0730174
-0.01832	-0.0730174
-0.01824	-0.268119
-0.01816	-0.0730174
-0.01808	0.122086
-0.018	-0.0730174
-0.01792	-0.0730174
-0.01784	-0.0730174
-0.01776	-0.268119
-0.01768	-0.268119
-0.0176	-0.268119
-0.01752	-0.0730174
-0.01744	0.122086
-0.01736	-0.0730174
-0.01728	-0.0730174
-0.0172	-0.268119
-0.01712	-0.268119
-0.01704	-0.268119
-0.01696	-0.268119
-0.01688	-0.0730174
-0.0168	-0.0730174
-0.01672	-0.0730174
-0.01664	-0.0730174
-0.01656	-0.268119
-0.01648	-0.268119
-0.0164	-0.268119
-0.01632	-0.0730174
-0.01624	0.122086
-0.01616	0.122086
-0.01608	-0.0730174
-0.016	-0.268119
-0.01592	-0.268119
-0.01584	-0.463222
-0.01576	-0.268119
-0.01568	-0.0730174
-0.0156	0.122086
-0.01552	0.122086
-0.01544	-0.0730174
-0.01536	-0.0730174
-0.01528	-0.268119
-0.0152	-0.268119
-0.01512	-0.268119
-0.01504	-0.268119
-0.01496	-0.0730174
-0.01488	-0.0730174
-0.0148	0.122086
-0.01472	0.122086
-0.01464	0.122086
-0.01456	-0.0730174
-0.01448	-0.0730174
-0.0144	-0.268119
-0.01432	-0.463222
-0.01424	-0.463222
-0.01416	-0.268119
-0.01408	0.122086
-0.014	0.122086
-0.01392	0.122086
-0.01384	-0.0730174
-0.01376	-0.0730174
-0.01368	-0.268119
-0.0136	-0.268119
-0.01352	-0.268119
-0.01344	-0.0730174
-0.01336	-0.0730174
-0.01328	-0.0730174
-0.0132	-0.0730174
-0.01312	-0.0730174
-0.01304	-0.0730174
-0.01296	-0.0730174
-0.01288	-0.0730174
-0.0128	-0.0730174
-0.01272	-0.0730174
-0.01264	-0.268119
-0.01256	-0.0730174
-0.01248	-0.0730174
-0.0124	-0.0730174
-0.01232	-0.0730174
-0.01224	-0.0730174
-0.01216	-0.0730174
-0.01208	-0.0730174
-0.012	-0.0730174
-0.01192	-0.0730174
-0.01184	-0.0730174
-0.01176	-0.0730174
-0.01168	-0.0730174
-0.0116	-0.0730174
-0.01152	-0.0730174
-0.01144	-0.0730174
-0.01136	-0.0730174
-0.01128	-0.0730174
-0.0112	-0.0730174
-0.01112	0.122086
-0.01104	-0.0730174
-0.01096	0.122086
-0.01088	-0.0730174
-0.0108	-0.268119
-0.01072	-0.463222
-0.01064	-0.463222
-0.01056	-0.268119
-0.01048	-0.0730174
-0.0104	0.317188
-0.01032	0.317188
-0.01024	0.317188
-0.01016	-0.0730174
-0.01008	-0.0730174
-0.01	-0.268119
-0.00992	-0.268119
-0.00984	-0.268119
-0.00976	-0.0730174
-0.00968	0.122086
-0.0096	0.122086
-0.00952	0.122086
-0.00944	-0.0730174
-0.00936	-0.268119
-0.00928	-0.268119
-0.0092	-0.268119
-0.00912	-0.268119
-0.00904	-0.0730174
-0.00896	-0.0730174
-0.00888	0.122086
-0.0088	0.122086
-0.00872	0.122086
-0.00864	-0.0730174
-0.00856	-0.0730174
-0.00848	-0.268119
-0.0084	-0.268119
-0.00832	-0.0730174
-0.00824	-0.0730174
-0.00816	0.122086
-0.00808	0.122086
-0.008	0.122086
-0.00792	0.122086
-0.00784	-0.0730174
-0.00776	-0.268119
-0.00768	-0.0730174
-0.0076	-0.0730174
-0.00752	-0.0730174
-0.00744	-0.0730174
-0.00736	-0.0730174
-0.00728	-0.0730174
-0.0072	-0.0730174
-0.00712	-0.0730174
-0.00704	-0.0730174
-0.00696	-0.0730174
-0.00688	-0.0730174
-0.0068	-0.0730174
-0.00672	0.122086
-0.00664	0.122086
-0.00656	0.122086
-0.00648	-0.0730174
-0.0064	-0.0730174
-0.00632	-0.463222
-0.00624	-0.463222
-0.00616	-0.463222
-0.00608	-0.268119
-0.006	0.122086
-0.00592	0.317188
-0.00584	0.317188
-0.00576	0.122086
-0.00568	-0.268119
-0.0056	-0.463222
-0.00552	-0.463222
-0.00544	-0.268119
-0.00536	0.122086
-0.00528	0.122086
-0.0052	0.122086
-0.00512	0.122086
-0.00504	-0.268119
-0.00496	-0.268119
-0.00488	-0.268119
-0.0048	-0.0730174
-0.00472	-0.0730174
-0.00464	0.122086
-0.00456	0.122086
-0.00448	0.122086
-0.0044	-0.0730174
-0.00432	-0.0730174
-0.00424	-0.0730174
-0.00416	-0.0730174
-0.00408	-0.0730174
-0.004	-0.0730174
-0.00392	-0.268119
-0.00384	-0.268119
-0.00376	-0.0730174
-0.00368	-0.0730174
-0.0036	0.122086
-0.00352	0.122086
-0.00344	-0.0730174
-0.00336	-0.268119
-0.00328	-0.268119
-0.0032	-0.268119
-0.00312	-0.0730174
-0.00304	0.122086
-0.00296	0.122086
-0.00288	-0.0730174
-0.0028	-0.0730174
-0.00272	-0.268119
-0.00264	-0.268119
-0.00256	-0.268119
-0.00248	-0.0730174
-0.0024	0.122086
-0.00232	0.317188
-0.00224	0.122086
-0.00216	0.122086
-0.00208	-0.0730174
-0.002	-0.0730174
-0.00192	-0.0730174
-0.00184	-0.0730174
-0.00176	-0.0730174
-0.00168	-0.0730174
-0.0016	-0.268119
-0.00152	-0.0730174
-0.00144	-0.0730174
-0.00136	-0.0730174
-0.00128	-0.0730174
-0.0012	-0.0730174
-0.00112	0.122086
-0.00104	0.122086
-0.00096	0.122086
-0.00088	-0.0730174
-0.0008	-0.0730174
-0.00072	-0.0730174
-0.00064	-0.0730174
-0.00056	-0.268119
-0.00048	-0.268119
-0.0004	-0.268119
-0.00032	-0.268119
-0.00024	-0.0730174
-0.00016	0.122086
-8e-05	0.122086
4.66478e-17	-0.0730174
8e-05	-0.268119
0.00016	-0.268119
0.00024	-0.0730174
0.00032	-0.0730174
0.0004	0.122086
0.00048	0.122086
0.00056	-0.0730174
0.00064	-0.268119
0.00072	-0.268119
0.0008	-0.268119
0.00088	-0.0730174
0.00096	0.122086
0.00104	0.122086
0.00112	0.122086
0.0012	-0.0730174
0.00128	-0.268119
0.00136	-0.268119
0.00144	-0.0730174
0.00152	-0.0730174
0.0016	-0.0730174
0.00168	-0.268119
0.00176	-0.268119
0.00184	-0.463222
0.00192	-0.463222
0.002	-0.463222
0.00208	-0.463222
0.00216	-0.463222
0.00224	-0.268119
0.00232	-0.463222
0.0024	-0.463222
0.00248	-0.658324
0.00256	-0.853426
0.00264	-1.04853
0.00272	-1.24363
0.0028	-1.24363
0.00288	-1.43873
0.00296	-1.43873
0.00304	-1.43873
0.00312	-1.43873
0.0032	-1.43873
0.00328	-1.43873
0.00336	-1.63384
0.00344	-1.82894
0.00352	-2.02404
0.0036	-2.21914
0.00368	-2.21914
0.00376	-2.21914
0.00384	-2.21914
0.00392	-2.02404
0.004	-2.02404
0.00408	-2.02404
0.00416	-2.02404
0.00424	-2.21914
0.00432	-2.60935
0.0044	-2.60935
0.00448	-2.60935
0.00456	-2.60935
0.00464	-2.41425
0.00472	-2.21914
0.0048	-2.41425
0.00488	-2.41425
0.00496	-2.60935
0.00504	-2.60935
0.00512	-2.80445
0.0052	-2.80445
0.00528	-2.80445
0.00536	-2.80445
0.00544	-2.80445
0.00552	-2.80445
0.0056	-2.99955
0.00568	-2.99955
0.00576	-2.99955
0.00584	-2.80445
0.00592	-2.80445
0.006	-2.99955
0.00608	-2.99955
0.00616	-2.99955
0.00624	-2.99955
0.00632	-3.19466
0.0064	-2.80445
0.00648	-2.41425
0.00656	-2.60935
0.00664	-3.77996
0.00672	-4.56037
0.0068	-4.56037
0.00688	-4.17017
0.00696	-3.77996
0.00704	-3.58486
0.00712	-3.97507
0.0072	-4.17017
0.00728	-4.17017
0.00736	-4.17017
0.00744	-4.36527
0.00752	-4.36527
0.0076	-3.58486
0.00768	-3.19466
0.00776	-3.19466
0.00784	-3.38976
0.00792	-3.77996
0.008	-4.36527
0.00808	-4.75547
0.00816	-4.17017
0.00824	-3.97507
0.00832	-4.36527
0.0084	-4.75547
0.00848	-4.75547
0.00856	-4.56037
0.00864	-4.56037
0.00872	-4.17017
0.0088	-3.77996
0.00888	-3.77996
0.00896	-3.97507
0.00904	-4.17017
0.00912	-4.36527
0.0092	-4.75547
0.00928	-5.53588
0.00936	-5.92609
0.00944	-5.34078
0.00952	-4.75547
0.0096	-4.75547
0.00968	-5.14568
0.00976	-5.34078
0.00984	-5.92609
0.00992	-6.31629
0.01	-6.5114
0.01008	-6.31629
0.01016	-5.92609
0.01024	-5.92609
0.01032	-6.12119
0.0104	-5.92609
0.01048	-5.73099
0.01056	-5.92609
0.01064	-6.12119
0.01072	-6.31629
0.0108	-6.31629
0.01088	-6.31629
0.01096	-5.73099
0.01104	-5.14568
0.01112	-4.75547
0.0112	-5.14568
0.01128	-5.53588
0.01136	-5.92609
0.01144	-5.92609
0.01152	-6.31629
0.0116	-6.31629
0.01168	-5.92609
0.01176	-5.92609
0.01184	-6.31629
0.01192	-6.7065
0.012	-6.7065
0.01208	-6.9016
0.01216	-7.29181
0.01224	-7.0967
0.01232	-6.7065
0.0124	-6.31629
0.01248	-6.12119
0.01256	-6.31629
0.01264	-6.5114
0.01272	-7.0967
0.0128	-7.87711
0.01288	-8.65752
0.01296	-9.43793
0.01304	-9.82814
0.01312	-8.46242
0.0132	-5.73099
0.01328	-4.17017
0.01336	-5.92609
0.01344	-8.46242
0.01352	-8.85263
0.0136	-7.68201
0.01368	-6.12119
0.01376	-4.56037
0.01384	-3.77996
0.01392	-5.73099
0.014	-8.85263
0.01408	-8.85263
0.01416	-5.14568
0.01424	-0.658324
0.01432	2.26821
0.0144	3.24372
0.01448	1.2927
0.01456	-2.99955
0.01464	-6.5114
0.01472	-5.73099
0.0148	-1.63384
0.01488	1.87801
0.01496	1.2927
0.01504	-3.38976
0.01512	-9.82814
0.0152	-15.0959
0.01528	-16.8518
0.01536	-15.291
0.01544	-13.1449
0.01552	-12.1694
0.0156	-13.5351
0.01568	-17.0469
0.01576	-20.5588
0.01584	-19.1931
0.01592	-11.5841
0.016	-0.463222
0.01608	5.38985
0.01616	-2.02404
0.01624	-16.4616
0.01632	-20.7539
0.0164	-6.5114
0.01648	13.1939
0.01656	10.4625
0.01664	-13.1449
0.01672	-30.3139
0.0168	-28.7531
0.01688	-19.3882
0.01696	-11.5841
0.01704	-4.17017
0.01712	-0.0730174
0.0172	1.87801
0.01728	1.2927
0.01736	-1.82894
0.01744	-7.0967
0.01752	-10.8036
0.0176	-7.0967
0.01768	-5.53588
0.01776	-15.0959
0.01784	-28.558
0.01792	-35.1914
0.018	-27.1922
0.01808	-8.26732
0.01816	4.60944
0.01824	1.2927
0.01832	-4.75547
0.0184	-10.0232
0.01848	-18.6077
0.01856	-23.4853
0.01864	-21.3392
0.01872	-17.6322
0.0188	-20.1686
0.01888	-26.4118
0.01896	-28.9482
0.01904	-27.5825
0.01912	-24.6559
0.0192	-22.9
0.01928	-20.3637
0.01936	-12.5596
0.01944	-5.92609
0.01952	-9.82814
0.0196	-18.9979
0.01968	-23.6804
0.01976	-24.6559
0.01984	-26.9971
0.01992	-33.4355
0.02	-42.02
0.02008	-45.727
0.02016	-44.5564
0.02024	-41.2396
0.02032	-32.8502
0.0204	-21.3392
0.02048	-10.8036
0.02056	-4.56037
0.02064	-5.14568
0.02072	-9.04773
0.0208	-12.3645
0.02088	-13.9253
0.02096	-11.389
0.02104	-6.5114
0.02112	-6.7065
0.0212	-11.7792
0.02128	-11.5841
0.02136	-10.0232
0.02144	-11.7792
0.02152	-14.3155
0.0216	-18.2175
0.02168	-23.4853
0.02176	-26.6069
0.02184	-25.8265
0.02192	-22.5098
0.022	-19.9735
0.02208	-19.5833
0.02216	-20.3637
0.02224	-21.1441
0.02232	-18.0224
0.0224	-8.85263
0.02248	-1.04853
0.02256	-0.268119
0.02264	-6.31629
0.02272	-15.4861
0.0228	-25.0461
0.02288	-32.46
0.02296	-33.4355
0.02304	-26.9971
0.02312	-16.2665
0.0232	-6.12119
0.02328	-2.60935
0.02336	-9.82814
0.02344	-22.7049
0.02352	-32.6551
0.0236	-35.1914
0.02368	-33.0453
0.02376	-28.3629
0.02384	-21.9245
0.02392	-14.3155
0.024	-6.9016
0.02408	-2.80445
0.02416	-3.19466
0.02424	-8.85263
0.02432	-19.1931
0.0244	-29.1433
0.02448	-34.6061
0.02456	-34.411
0.02464	-30.3139
0.02472	-23.8755
0.0248	-17.6322
0.02488	-13.5351
0.02496	-12.5596
0.02504	-13.5351
0.02512	-16.4616
0.0252	-21.3392
0.02528	-26.802
0.02536	-31.6796
0.02544	-34.9963
0.02552	-33.4355
0.0256	-25.6314
0.02568	-15.6812
0.02576	-8.85263
0.02584	-7.48691
0.02592	-9.63303
0.026	-12.3645
0.02608	-14.7057
0.02616	-16.4616
0.02624	-17.242
0.02632	-15.8763
0.0264	-12.1694
0.02648	-8.46242
0.02656	-7.0967
0.02664	-9.24283
0.02672	-14.3155
0.0268	-20.3637
0.02688	-25.4363
0.02696	-26.4118
0.02704	-21.3392
0.02712	-13.9253
0.0272	-10.4134
0.02728	-11.1939
0.02736	-13.1449
0.02744	-13.1449
0.02752	-12.3645
0.0276	-12.1694
0.02768	-12.3645
0.02776	-13.5351
0.02784	-17.0469
0.02792	-22.7049
0.028	-27.7776
0.02808	-29.1433
0.02816	-24.6559
0.02824	-16.0714
0.02832	-7.68201
0.0284	-3.58486
0.02848	-4.17017
0.02856	-7.48691
0.02864	-10.9988
0.02872	-14.5106
0.0288	-18.8028
0.02888	-23.6804
0.02896	-27.1922
0.02904	-25.6314
0.02912	-16.6567
0.0292	-2.02404
0.02928	12.8037
0.02936	20.6078
0.02944	17.8764
0.02952	7.53598
0.0296	-3.38976
0.02968	-9.63303
0.02976	-10.6085
0.02984	-9.43793
0.02992	-6.7065
0.03	-2.02404
0.03008	1.87801
0.03016	-0.268119
0.03024	-8.65752
0.03032	-20.7539
0.0304	-32.8502
0.03048	-42.6053
0.03056	-48.2633
0.03064	-49.0437
0.03072	-45.1417
0.0308	-38.5082
0.03088	-30.3139
0.03096	-22.9
0.03104	-18.6077
0.03112	-17.4371
0.0312	-18.6077
0.03128	-20.7539
0.03136	-20.1686
0.03144	-16.2665
0.03152	-11.389
0.0316	-7.29181
0.03168	-5.14568
0.03176	-5.14568
0.03184	-6.7065
0.03192	-9.82814
0.032	-14.5106
0.03208	-19.1931
0.03216	-20.5588
0.03224	-17.6322
0.03232	-12.9498
0.0324	-10.6085
0.03248	-12.3645
0.03256	-16.6567
0.03264	-22.1196
0.03272	-28.1678
0.0328	-33.0453
0.03288	-34.9963
0.03296	-33.8257
0.03304	-28.3629
0.03312	-20.5588
0.0332	-14.3155
0.03328	-12.9498
0.03336	-16.8518
0.03344	-23.2902
0.03352	-29.1433
0.0336	-32.2649
0.03368	-30.8992
0.03376	-26.802
0.03384	-22.5098
0.03392	-19.1931
0.034	-15.6812
0.03408	-12.5596
0.03416	-12.3645
0.03424	-15.8763
0.03432	-21.7294
0.0344	-26.9971
0.03448	-28.3629
0.03456	-23.6804
0.03464	-15.0959
0.03472	-6.7065
0.0348	-1.43873
0.03488	-1.63384
0.03496	-6.31629
0.03504	-12.9498
0.03512	-18.8028
0.0352	-22.5098
0.03528	-23.2902
0.03536	-22.3147
0.03544	-20.949
0.03552	-19.5833
0.0356	-18.2175
0.03568	-16.4616
0.03576	-14.1204
0.03584	-12.5596
0.03592	-13.7302
0.036	-17.0469
0.03608	-19.3882
0.03616	-18.6077
0.03624	-15.291
0.03632	-11.1939
0.0364	-8.07222
0.03648	-6.7065
0.03656	-7.29181
0.03664	-9.82814
0.03672	-13.5351
0.0368	-16.6567
0.03688	-18.6077
0.03696	-19.9735
0.03704	-20.949
0.03712	-21.7294
0.0372	-21.9245
0.03728	-21.5343
0.03736	-20.3637
0.03744	-18.9979
0.03752	-19.5833
0.0376	-23.4853
0.03768	-28.558
0.03776	-30.7041
0.03784	-27.3874
0.03792	-20.7539
0.038	-15.0959
0.03808	-12.9498
0.03816	-14.9008
0.03824	-20.1686
0.03832	-26.2167
0.0384	-29.7286
0.03848	-28.7531
0.03856	-24.4608
0.03864	-18.9979
0.03872	-14.1204
0.0388	-11.7792
0.03888	-13.9253
0.03896	-20.5588
0.03904	-29.7286
0.03912	-36.3621
0.0392	-37.3376
0.03928	-32.6551
0.03936	-25.4363
0.03944	-20.1686
0.03952	-18.9979
0.0396	-21.7294
0.03968	-26.0216
0.03976	-29.7286
0.03984	-31.2894
0.03992	-31.0943
0.04	-29.1433
0.04008	-25.4363
0.04016	-20.5588
0.04024	-15.8763
0.04032	-13.9253
0.0404	-16.4616
0.04048	-22.3147
0.04056	-28.558
0.04064	-32.0698
0.04072	-30.3139
0.0408	-24.2657
0.04088	-16.6567
0.04096	-10.8036
0.04104	-8.26732
0.04112	-9.82814
0.0412	-15.0959
0.04128	-22.1196
0.04136	-27.3874
0.04144	-28.558
0.04152	-24.851
0.0416	-17.0469
0.04168	-9.24283
0.04176	-4.36527
0.04184	-3.97507
0.04192	-6.7065
0.042	-10.2183
0.04208	-12.7547
0.04216	-13.7302
0.04224	-12.5596
0.04232	-10.4134
0.0424	-7.48691
0.04248	-5.92609
0.04256	-6.7065
0.04264	-8.65752
0.04272	-10.8036
0.0428	-12.3645
0.04288	-14.9008
0.04296	-18.6077
0.04304	-22.3147
0.04312	-24.2657
0.0432	-24.0706
0.04328	-22.7049
0.04336	-21.1441
0.04344	-19.1931
0.04352	-17.4371
0.0436	-17.0469
0.04368	-17.8273
0.04376	-18.0224
0.04384	-18.0224
0.04392	-20.5588
0.044	-26.2167
0.04408	-32.0698
0.04416	-34.6061
0.04424	-34.0208
0.04432	-31.4845
0.0444	-28.7531
0.04448	-26.802
0.04456	-25.2412
0.04464	-22.7049
0.04472	-20.7539
0.0448	-21.3392
0.04488	-25.2412
0.04496	-30.7041
0.04504	-36.3621
0.04512	-40.6543
0.0452	-42.2151
0.04528	-39.6788
0.04536	-33.2404
0.04544	-25.6314
0.04552	-20.1686
0.0456	-19.5833
0.04568	-24.2657
0.04576	-30.7041
0.04584	-35.5817
0.04592	-37.5327
0.046	-36.7523
0.04608	-32.46
0.04616	-26.4118
0.04624	-20.7539
0.04632	-18.6077
0.0464	-20.3637
0.04648	-24.6559
0.04656	-30.509
0.04664	-36.3621
0.04672	-39.2886
0.0468	-37.1425
0.04688	-30.509
0.04696	-22.1196
0.04704	-15.8763
0.04712	-13.7302
0.0472	-16.2665
0.04728	-22.5098
0.04736	-30.1188
0.04744	-36.167
0.04752	-37.3376
0.0476	-33.4355
0.04768	-26.0216
0.04776	-18.6077
0.04784	-13.5351
0.04792	-12.3645
0.048	-15.4861
0.04808	-21.9245
0.04816	-28.9482
0.04824	-33.4355
0.04832	-32.46
0.0484	-26.802
0.04848	-18.8028
0.04856	-11.7792
0.04864	-8.85263
0.04872	-11.389
0.0488	-17.8273
0.04888	-24.4608
0.04896	-29.1433
0.04904	-30.8992
0.04912	-29.3384
0.0492	-25.0461
0.04928	-19.1931
0.04936	-14.7057
0.04944	-12.7547
0.04952	-13.5351
0.0496	-16.4616
0.04968	-20.949
0.04976	-24.851
0.04984	-26.802
0.04992	-25.6314
0.05	-22.9
0.05008	-20.1686
0.05016	-18.4126
0.05024	-17.8273
0.05032	-18.0224
0.0504	-18.2175
0.05048	-18.4126
0.05056	-17.8273
0.05064	-16.0714
0.05072	-13.9253
0.0508	-13.34
0.05088	-14.9008
0.05096	-17.6322
0.05104	-20.1686
0.05112	-21.9245
0.0512	-22.9
0.05128	-22.5098
0.05136	-20.5588
0.05144	-17.242
0.05152	-14.3155
0.0516	-13.34
0.05168	-14.3155
0.05176	-15.6812
0.05184	-16.8518
0.05192	-17.242
0.052	-16.8518
0.05208	-16.2665
0.05216	-16.4616
0.05224	-16.8518
0.05232	-16.2665
0.0524	-15.6812
0.05248	-15.6812
0.05256	-16.2665
0.05264	-16.6567
0.05272	-15.4861
0.0528	-12.5596
0.05288	-8.46242
0.05296	-5.73099
0.05304	-6.12119
0.05312	-8.85263
0.0532	-13.7302
0.05328	-18.9979
0.05336	-22.3147
0.05344	-21.7294
0.05352	-17.0469
0.0536	-9.24283
0.05368	-1.24363
0.05376	2.46331
0.05384	1.0976
0.05392	-3.58486
0.054	-8.65752
0.05408	-12.5596
0.05416	-13.5351
0.05424	-10.8036
0.05432	-4.75547
0.0544	3.63393
0.05448	11.2429
0.05456	13.1939
0.05464	8.70659
0.05472	-0.0730174
0.0548	-9.43793
0.05488	-16.6567
0.05496	-19.7784
0.05504	-18.9979
0.05512	-15.0959
0.0552	-9.24283
0.05528	-4.95058
0.05536	-3.19466
0.05544	-4.17017
0.05552	-8.26732
0.0556	-14.5106
0.05568	-19.9735
0.05576	-20.3637
0.05584	-16.2665
0.05592	-10.4134
0.056	-5.14568
0.05608	-2.21914
0.05616	-4.17017
0.05624	-11.1939
0.05632	-20.1686
0.0564	-27.7776
0.05648	-31.0943
0.05656	-28.558
0.05664	-19.7784
0.05672	-7.68201
0.0568	1.0976
0.05688	2.07311
0.05696	-3.58486
0.05704	-10.8036
0.05712	-17.4371
0.0572	-22.1196
0.05728	-22.1196
0.05736	-16.4616
0.05744	-8.46242
0.05752	-1.63384
0.0576	1.87801
0.05768	-0.268119
0.05776	-8.26732
0.05784	-18.8028
0.05792	-27.9727
0.058	-33.2404
0.05808	-33.4355
0.05816	-29.3384
0.05824	-23.4853
0.05832	-18.0224
0.0584	-16.0714
0.05848	-19.5833
0.05856	-26.802
0.05864	-34.0208
0.05872	-39.0935
0.0588	-41.2396
0.05888	-41.0445
0.05896	-38.7033
0.05904	-33.6306
0.05912	-28.1678
0.0592	-26.2167
0.05928	-29.5335
0.05936	-35.7768
0.05944	-41.6298
0.05952	-44.7515
0.0596	-44.1662
0.05968	-40.2641
0.05976	-34.411
0.05984	-28.558
0.05992	-23.6804
0.06	-20.7539
0.06008	-20.7539
0.06016	-23.0951
0.06024	-26.2167
0.06032	-26.6069
0.0604	-23.0951
0.06048	-16.0714
0.06056	-9.63303
0.06064	-7.0967
0.06072	-10.4134
0.0608	-16.6567
0.06088	-22.1196
0.06096	-24.851
0.06104	-25.2412
0.06112	-25.0461
0.0612	-23.8755
0.06128	-21.3392
0.06136	-17.4371
0.06144	-11.7792
0.06152	-5.34078
0.0616	-0.268119
0.06168	0.902495
0.06176	-1.43873
0.06184	-4.75547
0.06192	-8.46242
0.062	-14.7057
0.06208	-21.5343
0.06216	-24.2657
0.06224	-23.6804
0.06232	-24.0706
0.0624	-24.4608
0.06248	-21.9245
0.06256	-17.242
0.06264	-13.9253
0.06272	-13.34
0.0628	-15.6812
0.06288	-17.6322
0.06296	-18.4126
0.06304	-18.4126
0.06312	-16.4616
0.0632	-15.291
0.06328	-16.0714
0.06336	-17.0469
0.06344	-17.4371
0.06352	-18.4126
0.0636	-18.4126
0.06368	-17.8273
0.06376	-19.3882
0.06384	-23.6804
0.06392	-27.1922
0.064	-24.851
0.06408	-15.8763
0.06416	-6.5114
0.06424	-5.92609
0.06432	-14.7057
0.0644	-26.2167
0.06448	-37.1425
0.06456	-44.7515
0.06464	-44.5564
0.06472	-36.5572
0.0648	-25.2412
0.06488	-15.4861
0.06496	-11.9743
0.06504	-12.3645
0.06512	-11.9743
0.0652	-10.6085
0.06528	-10.2183
0.06536	-10.0232
0.06544	-9.04773
0.06552	-9.63303
0.0656	-11.1939
0.06568	-13.34
0.06576	-14.3155
0.06584	-11.1939
0.06592	-2.80445
0.066	5.19475
0.06608	7.73108
0.06616	4.21924
0.06624	-3.38976
0.06632	-12.5596
0.0664	-18.4126
0.06648	-16.0714
0.06656	-6.7065
0.06664	1.0976
0.06672	-0.658324
0.0668	-10.0232
0.06688	-20.7539
0.06696	-32.0698
0.06704	-42.8004
0.06712	-46.1172
0.0672	-39.0935
0.06728	-26.2167
0.06736	-12.5596
0.06744	-1.63384
0.06752	0.122086
0.0676	-9.82814
0.06768	-24.851
0.06776	-34.8012
0.06784	-36.167
0.06792	-30.7041
0.068	-19.9735
0.06808	-6.31629
0.06816	5.19475
0.06824	8.51149
0.06832	2.46331
0.0684	-10.8036
0.06848	-26.2167
0.06856	-37.9229
0.06864	-41.4347
0.06872	-37.1425
0.0688	-27.5825
0.06888	-16.0714
0.06896	-5.34078
0.06904	1.4878
0.06912	2.07311
0.0692	-4.75547
0.06928	-16.2665
0.06936	-27.9727
0.06944	-35.1914
0.06952	-32.2649
0.0696	-20.949
0.06968	-9.04773
0.06976	-1.43873
0.06984	0.707393
0.06992	-3.77996
0.07	-13.7302
0.07008	-24.6559
0.07016	-31.8747
0.07024	-33.0453
0.07032	-28.3629
0.0704	-20.949
0.07048	-15.0959
0.07056	-15.0959
0.07064	-20.7539
0.07072	-27.7776
0.0708	-30.7041
0.07088	-26.4118
0.07096	-18.4126
0.07104	-12.5596
0.07112	-10.6085
0.0712	-12.1694
0.07128	-13.9253
0.07136	-13.34
0.07144	-9.24283
0.07152	-5.92609
0.0716	-5.34078
0.07168	-4.95058
0.07176	-4.36527
0.07184	-4.56037
0.07192	-6.31629
0.072	-9.82814
0.07208	-15.0959
0.07216	-21.5343
0.07224	-24.4608
0.07232	-19.3882
0.0724	-9.82814
0.07248	-2.41425
0.07256	1.0976
0.07264	1.2927
0.07272	-2.41425
0.0728	-8.07222
0.07288	-13.9253
0.07296	-20.7539
0.07304	-26.4118
0.07312	-27.7776
0.0732	-23.4853
0.07328	-15.6812
0.07336	-7.87711
0.07344	-3.58486
0.07352	-5.73099
0.0736	-14.3155
0.07368	-25.8265
0.07376	-34.0208
0.07384	-33.6306
0.07392	-25.2412
0.074	-14.7057
0.07408	-8.07222
0.07416	-8.85263
0.07424	-15.6812
0.07432	-24.2657
0.0744	-29.9237
0.07448	-31.0943
0.07456	-27.3874
0.07464	-20.5588
0.07472	-14.1204
0.0748	-10.8036
0.07488	-11.389
0.07496	-17.242
0.07504	-26.9971
0.07512	-34.8012
0.0752	-35.7768
0.07528	-27.9727
0.07536	-13.5351
0.07544	1.0976
0.07552	9.6821
0.0756	8.31639
0.07568	-1.24363
0.07576	-14.5106
0.07584	-26.2167
0.07592	-34.2159
0.076	-36.5572
0.07608	-31.8747
0.07616	-21.5343
0.07624	-9.82814
0.07632	-0.853426
0.0764	0.51229
0.07648	-7.48691
0.07656	-20.1686
0.07664	-30.509
0.07672	-34.9963
0.0768	-33.4355
0.07688	-28.3629
0.07696	-22.5098
0.07704	-16.8518
0.07712	-13.1449
0.0772	-13.34
0.07728	-17.0469
0.07736	-21.3392
0.07744	-23.8755
0.07752	-22.9
0.0776	-16.8518
0.07768	-7.68201
0.07776	-1.04853
0.07784	-1.63384
0.07792	-9.43793
0.078	-21.3392
0.07808	-32.6551
0.07816	-38.7033
0.07824	-37.1425
0.07832	-28.7531
0.0784	-17.4371
0.07848	-7.29181
0.07856	-0.463222
0.07864	1.87801
0.07872	-1.24363
0.0788	-9.63303
0.07888	-20.7539
0.07896	-29.1433
0.07904	-30.3139
0.07912	-23.0951
0.0792	-12.3645
0.07928	-4.36527
0.07936	-2.60935
0.07944	-6.12119
0.07952	-11.7792
0.0796	-18.2175
0.07968	-24.0706
0.07976	-26.6069
0.07984	-23.4853
0.07992	-16.0714
0.08	-8.07222
0.08008	-3.97507
0.08016	-4.36527
0.08024	-8.26732
0.08032	-14.3155
0.0804	-19.7784
0.08048	-23.0951
0.08056	-22.9
0.08064	-19.9735
0.08072	-16.2665
0.0808	-14.3155
0.08088	-15.6812
0.08096	-19.9735
0.08104	-24.6559
0.08112	-26.6069
0.0812	-25.6314
0.08128	-21.7294
0.08136	-15.4861
0.08144	-8.85263
0.08152	-3.58486
0.0816	-1.24363
0.08168	-3.38976
0.08176	-9.82814
0.08184	-18.4126
0.08192	-25.4363
0.082	-28.1678
0.08208	-26.0216
0.08216	-21.3392
0.08224	-16.6567
0.08232	-13.5351
0.0824	-12.1694
0.08248	-11.9743
0.08256	-13.34
0.08264	-17.4371
0.08272	-22.3147
0.0828	-24.4608
0.08288	-22.1196
0.08296	-15.8763
0.08304	-9.63303
0.08312	-6.9016
0.0832	-8.85263
0.08328	-13.34
0.08336	-17.0469
0.08344	-19.3882
0.08352	-21.9245
0.0836	-24.4608
0.08368	-25.0461
0.08376	-22.3147
0.08384	-16.6567
0.08392	-10.2183
0.084	-4.95058
0.08408	-0.658324
0.08416	0.51229
0.08424	-2.60935
0.08432	-8.46242
0.0844	-14.5106
0.08448	-19.5833
0.08456	-24.0706
0.08464	-28.7531
0.08472	-31.4845
0.0848	-28.1678
0.08488	-18.2175
0.08496	-7.29181
0.08504	-1.04853
0.08512	1.4878
0.0852	0.707393
0.08528	-7.29181
0.08536	-20.5588
0.08544	-31.6796
0.08552	-35.7768
0.0856	-33.6306
0.08568	-26.9971
0.08576	-18.0224
0.08584	-10.9988
0.08592	-10.4134
0.086	-18.8028
0.08608	-30.1188
0.08616	-35.5817
0.08624	-33.8257
0.08632	-29.9237
0.0864	-26.6069
0.08648	-23.2902
0.08656	-20.7539
0.08664	-22.7049
0.08672	-29.3384
0.0868	-35.5817
0.08688	-36.3621
0.08696	-30.7041
0.08704	-18.8028
0.08712	-3.97507
0.0872	8.90169
0.08728	15.9254
0.08736	12.9988
0.08744	0.122086
0.08752	-16.8518
0.0876	-29.3384
0.08768	-31.6796
0.08776	-23.8755
0.08784	-10.2183
0.08792	3.82903
0.088	12.9988
0.08808	15.5352
0.08816	10.6576
0.08824	-0.0730174
0.08832	-12.9498
0.0884	-23.0951
0.08848	-26.2167
0.08856	-21.9245
0.08864	-13.7302
0.08872	-5.14568
0.0888	1.6829
0.08888	3.24372
0.08896	-2.21914
0.08904	-12.5596
0.08912	-23.2902
0.0892	-30.7041
0.08928	-31.6796
0.08936	-26.2167
0.08944	-16.8518
0.08952	-6.12119
0.0896	2.46331
0.08968	6.17026
0.08976	3.82903
0.08984	-2.60935
0.08992	-9.24283
0.09	-14.1204
0.09008	-16.4616
0.09016	-15.6812
0.09024	-12.9498
0.09032	-10.4134
0.0904	-10.4134
0.09048	-11.389
0.09056	-11.9743
0.09064	-15.6812
0.09072	-24.851
0.0908	-34.6061
0.09088	-34.6061
0.09096	-20.5588
0.09104	-3.38976
0.09112	3.24372
0.0912	-1.82894
0.09128	-10.4134
0.09136	-17.4371
0.09144	-22.7049
0.09152	-22.9
0.0916	-18.0224
0.09168	-17.242
0.09176	-23.4853
0.09184	-27.5825
0.09192	-24.851
0.092	-20.949
0.09208	-16.6567
0.09216	-8.26732
0.09224	4.60944
0.09232	14.1695
0.0924	6.56046
0.09248	-22.1196
0.09256	-55.287
0.09264	-67.9687
0.09272	-49.629
0.0928	-12.5596
0.09288	16.3156
0.09296	15.5352
0.09304	-14.1204
0.09312	-48.0682
0.0932	-61.9205
0.09328	-48.6535
0.09336	-20.7539
0.09344	2.85352
0.09352	10.4625
0.0936	0.707393
0.09368	-20.5588
0.09376	-40.4592
0.09384	-46.5074
0.09392	-39.8739
0.094	-32.0698
0.09408	-30.509
0.09416	-30.7041
0.09424	-22.7049
0.09432	-2.02404
0.0944	22.3638
0.09448	31.9238
0.09456	14.7548
0.09464	-19.1931
0.09472	-43.5809
0.0948	-41.6298
0.09488	-18.9979
0.09496	4.41434
0.09504	15.145
0.09512	12.4135
0.0952	4.41434
0.09528	0.122086
0.09536	1.87801
0.09544	3.63393
0.09552	-1.24363
0.0956	-10.8036
0.09568	-15.8763
0.09576	-9.43793
0.09584	5.58495
0.09592	19.2421
0.096	22.3638
0.09608	11.0478
0.09616	-10.2183
0.09624	-28.7531
0.09632	-32.6551
0.0964	-20.3637
0.09648	0.51229
0.09656	19.047
0.09664	28.9972
0.09672	29.7777
0.0968	23.3393
0.09688	10.6576
0.09696	-5.92609
0.09704	-22.9
0.09712	-35.5817
0.0972	-39.8739
0.09728	-34.6061
0.09736	-21.7294
0.09744	-6.12119
0.09752	6.95067
0.0976	12.8037
0.09768	8.51149
0.09776	-3.97507
0.09784	-18.2175
0.09792	-28.3629
0.098	-29.7286
0.09808	-21.7294
0.09816	-8.65752
0.09824	2.85352
0.09832	9.2919
0.0984	12.2184
0.09848	13.7793
0.09856	11.2429
0.09864	-0.658324
0.09872	-22.3147
0.0988	-43.9711
0.09888	-50.7996
0.09896	-36.3621
0.09904	-9.82814
0.09912	11.8282
0.0992	16.7058
0.09928	5.38985
0.09936	-13.34
0.09944	-28.7531
0.09952	-34.2159
0.0996	-30.1188
0.09968	-20.3637
0.09976	-10.4134
0.09984	-5.14568
0.09992	-3.97507
0.1	-2.99955
0.10008	-5.14568
0.10016	-12.7547
0.10024	-19.7784
0.10032	-18.8028
0.1004	-10.0232
0.10048	-0.463222
0.10056	3.43883
0.10064	0.902495
0.10072	-3.77996
0.1008	-7.0967
0.10088	-8.07222
0.10096	-6.9016
0.10104	-5.73099
0.10112	-6.31629
0.1012	-6.7065
0.10128	-3.58486
0.10136	2.26821
0.10144	6.17026
0.10152	4.41434
0.1016	-1.63384
0.10168	-8.46242
0.10176	-12.7547
0.10184	-12.3645
0.10192	-7.29181
0.102	0.317188
0.10208	6.17026
0.10216	7.73108
0.10224	5.38985
0.10232	0.51229
0.1024	-7.0967
0.10248	-15.0959
0.10256	-19.9735
0.10264	-18.8028
0.10272	-11.389
0.1028	-1.63384
0.10288	5.97516
0.10296	9.2919
0.10304	7.73108
0.10312	1.87801
0.1032	-5.92609
0.10328	-10.8036
0.10336	-10.0232
0.10344	-4.36527
0.10352	2.65842
0.1036	7.73108
0.10368	9.0968
0.10376	5.78005
0.10384	0.122086
0.10392	-4.56037
0.104	-4.36527
0.10408	0.122086
0.10416	6.17026
0.10424	10.4625
0.10432	11.2429
0.1044	9.0968
0.10448	5.97516
0.10456	3.43883
0.10464	1.2927
0.10472	-1.04853
0.1048	-3.58486
0.10488	-4.95058
0.10496	-5.14568
0.10504	-3.97507
0.10512	-2.21914
0.1052	-1.04853
0.10528	-0.658324
0.10536	-0.268119
0.10544	1.0976
0.10552	2.65842
0.1056	2.26821
0.10568	-0.0730174
0.10576	-4.36527
0.10584	-8.46242
0.10592	-11.5841
0.106	-12.3645
0.10608	-10.8036
0.10616	-7.29181
0.10624	-2.99955
0.10632	1.0976
0.1064	3.63393
0.10648	3.82903
0.10656	1.4878
0.10664	-2.02404
0.10672	-6.12119
0.1068	-10.4134
0.10688	-13.34
0.10696	-13.5351
0.10704	-10.2183
0.10712	-4.36527
0.1072	0.707393
0.10728	2.26821
0.10736	-0.463222
0.10744	-5.53588
0.10752	-10.2183
0.1076	-11.7792
0.10768	-9.82814
0.10776	-6.5114
0.10784	-5.34078
0.10792	-5.92609
0.108	-6.12119
0.10808	-3.97507
0.10816	-1.24363
0.10824	-0.853426
0.10832	-3.97507
0.1084	-9.04773
0.10848	-12.1694
0.10856	-11.5841
0.10864	-7.48691
0.10872	-2.41425
0.1088	1.2927
0.10888	1.6829
0.10896	-0.0730174
0.10904	-2.21914
0.10912	-2.99955
0.1092	-2.80445
0.10928	-2.41425
0.10936	-3.19466
0.10944	-4.17017
0.10952	-4.36527
0.1096	-3.19466
0.10968	-1.43873
0.10976	-1.24363
0.10984	-2.80445
0.10992	-4.17017
0.11	-3.97507
0.11008	-2.21914
0.11016	-0.0730174
0.11024	1.0976
0.11032	1.0976
0.1104	0.122086
0.11048	-1.63384
0.11056	-2.41425
0.11064	-1.63384
0.11072	-0.0730174
0.1108	0.902495
0.11088	0.51229
0.11096	-0.658324
0.11104	-1.63384
0.11112	-1.82894
0.1112	-1.04853
0.11128	-0.0730174
0.11136	0.707393
0.11144	1.4878
0.11152	1.4878
0.1116	0.317188
0.11168	-1.04853
0.11176	-1.63384
0.11184	-1.43873
0.11192	-0.658324
0.112	0.317188
0.11208	0.707393
0.11216	0.707393
0.11224	0.317188
0.11232	-0.0730174
0.1124	-1.04853
0.11248	-2.41425
0.11256	-3.97507
0.11264	-3.77996
0.11272	-1.82894
0.1128	0.707393
0.11288	2.26821
0.11296	1.2927
0.11304	-0.853426
0.11312	-2.99955
0.1132	-4.17017
0.11328	-4.36527
0.11336	-4.36527
0.11344	-4.17017
0.11352	-3.77996
0.1136	-2.99955
0.11368	-2.41425
0.11376	-2.41425
0.11384	-2.99955
0.11392	-4.36527
0.114	-6.12119
0.11408	-7.68201
0.11416	-8.07222
0.11424	-6.5114
0.11432	-4.56037
0.1144	-2.80445
0.11448	-2.60935
0.11456	-3.77996
0.11464	-5.34078
0.11472	-6.5114
0.1148	-6.9016
0.11488	-5.92609
0.11496	-3.97507
0.11504	-2.21914
0.11512	-1.63384
0.1152	-2.21914
0.11528	-3.19466
0.11536	-4.36527
0.11544	-5.53588
0.11552	-6.31629
0.1156	-6.7065
0.11568	-6.12119
0.11576	-4.95058
0.11584	-3.38976
0.11592	-1.43873
0.116	-0.658324
0.11608	-1.43873
0.11616	-2.80445
0.11624	-4.36527
0.11632	-4.75547
0.1164	-3.58486
0.11648	-1.24363
0.11656	1.0976
0.11664	2.65842
0.11672	2.26821
0.1168	0.317188
0.11688	-2.41425
0.11696	-4.56037
0.11704	-5.53588
0.11712	-5.34078
0.1172	-3.77996
0.11728	-1.82894
0.11736	0.317188
0.11744	2.26821
0.11752	3.43883
0.1176	3.04862
0.11768	0.707393
0.11776	-2.41425
0.11784	-4.36527
0.11792	-4.36527
0.118	-2.21914
0.11808	1.2927
0.11816	4.60944
0.11824	6.75557
0.11832	6.36536
0.1184	3.82903
0.11848	0.122086
0.11856	-2.80445
0.11864	-4.17017
0.11872	-3.19466
0.1188	-0.853426
0.11888	1.87801
0.11896	4.02413
0.11904	4.41434
0.11912	3.04862
0.1192	0.122086
0.11928	-3.19466
0.11936	-5.53588
0.11944	-5.73099
0.11952	-3.77996
0.1196	-0.268119
0.11968	3.04862
0.11976	4.80454
0.11984	4.41434
0.11992	1.87801
0.12	-1.43873
0.12008	-4.56037
0.12016	-6.12119
0.12024	-6.12119
0.12032	-4.56037
0.1204	-2.02404
0.12048	0.902495
0.12056	3.24372
0.12064	3.43883
0.12072	1.2927
0.1208	-1.63384
0.12088	-3.97507
0.12096	-5.34078
0.12104	-5.14568
0.12112	-4.17017
0.1212	-2.60935
0.12128	-1.43873
0.12136	-1.04853
0.12144	-0.853426
0.12152	-1.63384
0.1216	-2.41425
0.12168	-3.38976
0.12176	-3.97507
0.12184	-3.77996
0.12192	-2.99955
0.122	-2.21914
0.12208	-2.02404
0.12216	-2.60935
0.12224	-3.77996
0.12232	-5.14568
0.1224	-5.92609
0.12248	-5.73099
0.12256	-4.36527
0.12264	-1.63384
0.12272	1.0976
0.1228	2.85352
0.12288	3.04862
0.12296	1.0976
0.12304	-2.21914
0.12312	-5.73099
0.1232	-8.07222
0.12328	-8.46242
0.12336	-6.31629
0.12344	-2.99955
0.12352	-0.268119
0.1236	1.2927
0.12368	1.0976
0.12376	0.122086
0.12384	-1.82894
0.12392	-3.97507
0.124	-5.92609
0.12408	-6.9016
0.12416	-5.92609
0.12424	-3.77996
0.12432	-0.853426
0.1244	1.2927
0.12448	1.6829
0.12456	0.51229
0.12464	-1.43873
0.12472	-2.99955
0.1248	-3.38976
0.12488	-2.41425
0.12496	-0.658324
0.12504	1.2927
0.12512	2.85352
0.1252	3.43883
0.12528	3.04862
0.12536	1.2927
0.12544	-0.658324
0.12552	-2.41425
0.1256	-3.19466
0.12568	-2.60935
0.12576	-1.24363
0.12584	0.317188
0.12592	1.87801
0.126	2.85352
0.12608	3.04862
0.12616	2.46331
0.12624	1.2927
0.12632	0.317188
0.1264	-0.463222
0.12648	-0.463222
0.12656	0.122086
0.12664	1.0976
0.12672	2.26821
0.1268	3.04862
0.12688	3.63393
0.12696	3.24372
0.12704	2.07311
0.12712	0.707393
0.1272	-0.463222
0.12728	-0.463222
0.12736	0.122086
0.12744	1.0976
0.12752	2.07311
0.1276	2.46331
0.12768	2.26821
0.12776	1.4878
0.12784	0.51229
0.12792	-0.268119
0.128	-1.43873
0.12808	-2.02404
0.12816	-2.21914
0.12824	-1.43873
0.12832	-0.463222
0.1284	0.707393
0.12848	1.0976
0.12856	0.707393
0.12864	0.122086
0.12872	-0.0730174
0.1288	-0.268119
0.12888	-0.658324
0.12896	-1.82894
0.12904	-2.99955
0.12912	-3.77996
0.1292	-3.38976
0.12928	-2.02404
0.12936	-0.463222
0.12944	0.317188
0.12952	0.51229
0.1296	-0.268119
0.12968	-2.02404
0.12976	-3.97507
0.12984	-4.95058
0.12992	-5.34078
0.13	-4.75547
0.13008	-3.97507
0.13016	-2.99955
0.13024	-1.63384
0.13032	0.122086
0.1304	1.4878
0.13048	2.07311
0.13056	1.4878
0.13064	0.122086
0.13072	-2.41425
0.1308	-4.56037
0.13088	-5.53588
0.13096	-5.14568
0.13104	-3.38976
0.13112	-1.43873
0.1312	-0.463222
0.13128	-0.268119
0.13136	-0.658324
0.13144	-1.43873
0.13152	-2.99955
0.1316	-4.75547
0.13168	-5.34078
0.13176	-4.56037
0.13184	-3.38976
0.13192	-1.82894
0.132	-0.268119
0.13208	0.51229
0.13216	0.122086
0.13224	-1.24363
0.13232	-2.80445
0.1324	-3.97507
0.13248	-4.95058
0.13256	-5.53588
0.13264	-4.75547
0.13272	-2.80445
0.1328	-0.658324
0.13288	0.902495
0.13296	0.902495
0.13304	-0.658324
0.13312	-2.60935
0.1332	-3.77996
0.13328	-3.58486
0.13336	-2.60935
0.13344	-1.24363
0.13352	0.317188
0.1336	0.902495
0.13368	0.707393
0.13376	-0.268119
0.13384	-1.43873
0.13392	-2.02404
0.134	-1.43873
0.13408	-0.463222
0.13416	0.902495
0.13424	2.07311
0.13432	3.04862
0.1344	3.43883
0.13448	2.65842
0.13456	0.707393
0.13464	-1.63384
0.13472	-3.38976
0.1348	-3.97507
0.13488	-3.19466
0.13496	-1.63384
0.13504	-0.0730174
0.13512	0.902495
0.1352	1.4878
0.13528	0.902495
0.13536	-0.853426
0.13544	-2.60935
0.13552	-3.77996
0.1356	-3.77996
0.13568	-2.41425
0.13576	-0.268119
0.13584	1.4878
0.13592	2.07311
0.136	0.902495
0.13608	-1.82894
0.13616	-3.97507
0.13624	-4.75547
0.13632	-3.77996
0.1364	-1.63384
0.13648	0.707393
0.13656	2.26821
0.13664	2.65842
0.13672	1.87801
0.1368	0.51229
0.13688	-1.24363
0.13696	-2.80445
0.13704	-3.58486
0.13712	-3.19466
0.1372	-1.82894
0.13728	-0.0730174
0.13736	1.0976
0.13744	1.6829
0.13752	1.6829
0.1376	0.902495
0.13768	-0.463222
0.13776	-1.43873
0.13784	-2.21914
0.13792	-2.02404
0.138	-1.24363
0.13808	-0.463222
0.13816	-0.0730174
0.13824	0.122086
0.13832	-0.0730174
0.1384	-0.0730174
0.13848	-0.463222
0.13856	-0.658324
0.13864	-0.463222
0.13872	0.317188
0.1388	1.4878
0.13888	2.07311
0.13896	2.07311
0.13904	1.0976
0.13912	-0.0730174
0.1392	-1.24363
0.13928	-1.43873
0.13936	-0.853426
0.13944	0.122086
0.13952	0.317188
0.1396	-0.268119
0.13968	-0.853426
0.13976	-0.658324
0.13984	0.317188
0.13992	1.4878
0.14	1.87801
0.14008	1.2927
0.14016	-0.0730174
0.14024	-1.24363
0.14032	-1.82894
0.1404	-1.43873
0.14048	-0.658324
0.14056	-0.268119
0.14064	-0.0730174
0.14072	0.122086
0.1408	0.317188
0.14088	0.51229
0.14096	0.317188
0.14104	0.122086
0.14112	-0.0730174
0.1412	0.317188
0.14128	1.0976
0.14136	1.4878
0.14144	1.2927
0.14152	0.317188
0.1416	-1.04853
0.14168	-1.82894
0.14176	-2.02404
0.14184	-1.43873
0.14192	-0.658324
0.142	0.317188
0.14208	1.0976
0.14216	1.0976
0.14224	0.51229
0.14232	-0.0730174
0.1424	-0.268119
0.14248	-0.658324
0.14256	-0.853426
0.14264	-0.268119
0.14272	0.707393
0.1428	1.4878
0.14288	1.87801
0.14296	1.87801
0.14304	1.2927
0.14312	0.51229
0.1432	0.317188
0.14328	0.317188
0.14336	0.51229
0.14344	0.707393
0.14352	1.0976
0.1436	1.2927
0.14368	1.0976
0.14376	0.51229
0.14384	-0.0730174
0.14392	-0.853426
0.144	-1.04853
0.14408	-0.853426
0.14416	-0.658324
0.14424	-0.268119
0.14432	0.317188
0.1444	0.51229
0.14448	0.317188
0.14456	-0.268119
0.14464	-0.853426
0.14472	-1.04853
0.1448	-1.24363
0.14488	-1.04853
0.14496	-0.658324
0.14504	0.122086
0.14512	0.51229
0.1452	0.51229
0.14528	0.317188
0.14536	0.317188
0.14544	-0.0730174
0.14552	-0.658324
0.1456	-1.24363
0.14568	-1.04853
0.14576	-0.268119
0.14584	0.51229
0.14592	1.2927
0.146	1.2927
0.14608	0.902495
0.14616	0.122086
0.14624	-0.853426
0.14632	-1.63384
0.1464	-2.02404
0.14648	-1.82894
0.14656	-1.04853
0.14664	-0.0730174
0.14672	0.51229
0.1468	0.707393
0.14688	0.122086
0.14696	-0.463222
0.14704	-1.24363
0.14712	-1.63384
0.1472	-1.24363
0.14728	-0.268119
0.14736	0.51229
0.14744	1.0976
0.14752	1.0976
0.1476	0.51229
0.14768	-0.268119
0.14776	-1.04853
0.14784	-1.43873
0.14792	-1.43873
0.148	-1.04853
0.14808	-0.463222
0.14816	0.122086
0.14824	0.317188
0.14832	0.51229
0.1484	0.317188
0.14848	-0.0730174
0.14856	-0.463222
0.14864	-0.853426
0.14872	-0.658324
0.1488	-0.0730174
0.14888	0.707393
0.14896	1.2927
0.14904	1.6829
0.14912	1.87801
0.1492	1.6829
0.14928	0.902495
0.14936	0.317188
0.14944	-0.0730174
0.14952	0.122086
0.1496	0.51229
0.14968	1.0976
0.14976	1.2927
0.14984	1.0976
0.14992	1.0976
0.15	1.0976
0.15008	1.0976
0.15016	1.2927
0.15024	1.0976
0.15032	0.707393
0.1504	0.707393
0.15048	0.707393
0.15056	1.2927
0.15064	1.6829
0.15072	1.6829
0.1508	1.2927
0.15088	0.902495
0.15096	0.902495
0.15104	0.902495
0.15112	1.2927
0.1512	1.4878
0.15128	1.87801
0.15136	2.07311
0.15144	2.07311
0.15152	1.87801
0.1516	1.4878
0.15168	0.902495
0.15176	0.707393
0.15184	0.902495
0.15192	1.2927
0.152	1.6829
0.15208	1.87801
0.15216	1.87801
0.15224	1.4878
0.15232	0.902495
0.1524	0.317188
0.15248	0.122086
0.15256	0.317188
0.15264	0.51229
0.15272	1.2927
0.1528	2.07311
0.15288	2.46331
0.15296	2.07311
0.15304	1.2927
0.15312	0.51229
0.1532	-0.268119
0.15328	-0.268119
0.15336	-0.0730174
0.15344	0.317188
0.15352	0.707393
0.1536	1.2927
0.15368	1.4878
0.15376	1.2927
0.15384	1.0976
0.15392	0.902495
0.154	0.902495
0.15408	0.902495
0.15416	1.0976
0.15424	1.4878
0.15432	1.87801
0.1544	1.6829
0.15448	1.2927
0.15456	0.902495
0.15464	0.317188
0.15472	-0.0730174
0.1548	0.317188
0.15488	0.902495
0.15496	1.4878
0.15504	1.87801
0.15512	1.87801
0.1552	1.2927
0.15528	-0.0730174
0.15536	-1.04853
0.15544	-1.43873
0.15552	-1.24363
0.1556	-0.268119
0.15568	0.902495
0.15576	1.87801
0.15584	2.26821
0.15592	1.6829
0.156	0.902495
0.15608	-0.0730174
0.15616	-0.463222
0.15624	-0.268119
0.15632	0.122086
0.1564	0.707393
0.15648	1.4878
0.15656	1.6829
0.15664	1.6829
0.15672	1.0976
0.1568	0.317188
0.15688	-0.0730174
0.15696	-0.268119
0.15704	0.122086
0.15712	0.707393
0.1572	1.4878
0.15728	1.6829
0.15736	1.6829
0.15744	1.2927
0.15752	0.51229
0.1576	0.122086
0.15768	-0.0730174
0.15776	0.317188
0.15784	0.902495
0.15792	1.2927
0.158	2.07311
0.15808	2.46331
0.15816	2.46331
0.15824	1.87801
0.15832	1.0976
0.1584	0.122086
0.15848	-0.268119
0.15856	-0.268119
0.15864	0.122086
0.15872	0.902495
0.1588	1.6829
0.15888	2.46331
0.15896	2.26821
0.15904	1.6829
0.15912	0.707393
0.1592	0.122086
0.15928	-0.268119
0.15936	-0.268119
0.15944	-0.0730174
0.15952	0.122086
0.1596	0.707393
0.15968	1.0976
0.15976	1.2927
0.15984	1.0976
0.15992	0.902495
0.16	0.707393
0.16008	0.122086
0.16016	-0.268119
0.16024	-0.463222
0.16032	-0.268119
0.1604	-0.0730174
0.16048	0.51229
0.16056	0.51229
0.16064	0.51229
0.16072	0.51229
0.1608	0.317188
0.16088	0.122086
0.16096	-0.0730174
0.16104	-0.0730174
0.16112	0.317188
0.1612	0.51229
0.16128	1.0976
0.16136	1.2927
0.16144	1.4878
0.16152	1.2927
0.1616	0.902495
0.16168	0.707393
0.16176	0.51229
0.16184	0.707393
0.16192	0.707393
0.162	0.51229
0.16208	-0.0730174
0.16216	-0.658324
0.16224	-0.853426
0.16232	-0.853426
0.1624	-0.0730174
0.16248	0.51229
0.16256	1.0976
0.16264	1.0976
0.16272	0.902495
0.1628	0.317188
0.16288	-0.463222
0.16296	-1.04853
0.16304	-1.43873
0.16312	-1.43873
0.1632	-0.463222
0.16328	0.707393
0.16336	1.6829
0.16344	2.07311
0.16352	1.6829
0.1636	1.2927
0.16368	0.707393
0.16376	0.51229
0.16384	0.317188
0.16392	0.707393
0.164	1.2927
0.16408	1.2927
0.16416	0.707393
0.16424	-0.0730174
0.16432	-0.658324
0.1644	-0.463222
0.16448	0.707393
0.16456	1.4878
0.16464	1.6829
0.16472	1.0976
0.1648	0.707393
0.16488	0.902495
0.16496	0.707393
0.16504	0.122086
0.16512	-0.658324
0.1652	-0.853426
0.16528	-0.0730174
0.16536	1.2927
0.16544	3.04862
0.16552	3.63393
0.1656	3.04862
0.16568	1.0976
0.16576	-0.658324
0.16584	-1.24363
0.16592	-0.658324
0.166	0.51229
0.16608	1.4878
0.16616	2.07311
0.16624	2.07311
0.16632	2.46331
0.1664	2.65842
0.16648	2.26821
0.16656	1.4878
0.16664	0.51229
0.16672	0.122086
0.1668	0.51229
0.16688	1.0976
0.16696	1.87801
0.16704	2.07311
0.16712	1.4878
0.1672	0.51229
0.16728	-0.0730174
0.16736	-0.0730174
0.16744	0.51229
0.16752	1.0976
0.1676	1.6829
0.16768	2.07311
0.16776	2.26821
0.16784	1.87801
0.16792	1.4878
0.168	1.2927
0.16808	1.2927
0.16816	1.6829
0.16824	1.6829
0.16832	1.4878
0.1684	1.4878
0.16848	2.07311
0.16856	2.85352
0.16864	2.85352
0.16872	2.65842
0.1688	2.07311
0.16888	1.87801
0.16896	1.6829
0.16904	1.4878
0.16912	1.2927
0.1692	1.4878
0.16928	1.6829
0.16936	1.87801
0.16944	2.07311
0.16952	2.46331
0.1696	2.46331
0.16968	2.07311
0.16976	1.4878
0.16984	0.51229
0.16992	-0.0730174
0.17	-0.268119
0.17008	0.122086
0.17016	0.902495
0.17024	1.6829
0.17032	2.26821
0.1704	2.26821
0.17048	1.87801
0.17056	1.2927
0.17064	0.707393
0.17072	0.51229
0.1708	0.51229
0.17088	0.51229
0.17096	0.317188
0.17104	0.51229
0.17112	1.0976
0.1712	1.6829
0.17128	1.6829
0.17136	1.6829
0.17144	1.2927
0.17152	0.902495
0.1716	0.707393
0.17168	0.902495
0.17176	1.0976
0.17184	1.2927
0.17192	1.4878
0.172	1.87801
0.17208	2.26821
0.17216	2.65842
0.17224	2.65842
0.17232	2.46331
0.1724	2.07311
0.17248	1.4878
0.17256	1.0976
0.17264	0.902495
0.17272	1.0976
0.1728	1.4878
0.17288	2.07311
0.17296	2.46331
0.17304	2.46331
0.17312	2.46331
0.1732	2.46331
0.17328	2.07311
0.17336	1.6829
0.17344	1.0976
0.17352	0.902495
0.1736	1.4878
0.17368	2.46331
0.17376	3.04862
0.17384	3.04862
0.17392	2.65842
0.174	1.87801
0.17408	1.0976
0.17416	0.51229
0.17424	0.317188
0.17432	0.707393
0.1744	1.4878
0.17448	2.26821
0.17456	2.65842
0.17464	2.65842
0.17472	2.26821
0.1748	1.4878
0.17488	0.51229
0.17496	-0.0730174
0.17504	-0.0730174
0.17512	0.707393
0.1752	1.87801
0.17528	2.85352
0.17536	2.85352
0.17544	2.26821
0.17552	1.4878
0.1756	0.317188
0.17568	-0.463222
0.17576	-0.658324
0.17584	-0.0730174
0.17592	1.2927
0.176	2.65842
0.17608	3.43883
0.17616	3.24372
0.17624	2.46331
0.17632	0.902495
0.1764	-0.0730174
0.17648	-0.463222
0.17656	-0.0730174
0.17664	0.707393
0.17672	1.87801
0.1768	3.04862
0.17688	3.43883
0.17696	2.85352
0.17704	1.6829
0.17712	0.707393
0.1772	-0.0730174
0.17728	-0.0730174
0.17736	0.317188
0.17744	1.0976
0.17752	1.87801
0.1776	2.26821
0.17768	2.07311
0.17776	1.4878
0.17784	0.707393
0.17792	0.122086
0.178	-0.0730174
0.17808	0.122086
0.17816	0.51229
0.17824	1.2927
0.17832	1.4878
0.1784	1.4878
0.17848	0.902495
0.17856	0.317188
0.17864	-0.463222
0.17872	-0.658324
0.1788	-0.268119
0.17888	0.707393
0.17896	1.6829
0.17904	2.46331
0.17912	2.85352
0.1792	2.26821
0.17928	1.0976
0.17936	0.122086
0.17944	-0.658324
0.17952	-0.853426
0.1796	-0.268119
0.17968	0.707393
0.17976	1.87801
0.17984	2.46331
0.17992	2.65842
0.18	2.07311
0.18008	1.0976
0.18016	0.122086
0.18024	-0.463222
0.18032	-0.463222
0.1804	0.122086
0.18048	0.707393
0.18056	1.0976
0.18064	1.4878
0.18072	1.2927
0.1808	1.0976
0.18088	0.902495
0.18096	1.2927
0.18104	1.6829
0.18112	1.87801
0.1812	1.87801
0.18128	1.4878
0.18136	1.2927
0.18144	1.0976
0.18152	1.0976
0.1816	1.2927
0.18168	1.0976
0.18176	1.2927
0.18184	1.0976
0.18192	1.4878
0.182	2.07311
0.18208	2.46331
0.18216	2.65842
0.18224	2.07311
0.18232	1.0976
0.1824	0.51229
0.18248	0.317188
0.18256	0.51229
0.18264	0.707393
0.18272	0.902495
0.1828	1.2927
0.18288	1.4878
0.18296	1.2927
0.18304	1.2927
0.18312	0.902495
0.1832	0.51229
0.18328	0.51229
0.18336	0.317188
0.18344	0.51229
0.18352	0.902495
0.1836	1.4878
0.18368	1.6829
0.18376	1.2927
0.18384	0.51229
0.18392	0.122086
0.184	-0.463222
0.18408	-0.658324
0.18416	-0.658324
0.18424	0.122086
0.18432	1.0976
0.1844	1.6829
0.18448	1.87801
0.18456	1.4878
0.18464	1.2927
0.18472	1.0976
0.1848	1.0976
0.18488	1.4878
0.18496	1.87801
0.18504	1.87801
0.18512	1.2927
0.1852	0.707393
0.18528	0.122086
0.18536	-0.0730174
0.18544	-0.0730174
0.18552	0.122086
0.1856	0.317188
0.18568	0.707393
0.18576	1.2927
0.18584	1.6829
0.18592	1.2927
0.186	0.51229
0.18608	-0.463222
0.18616	-1.04853
0.18624	-1.43873
0.18632	-1.24363
0.1864	-0.463222
0.18648	0.707393
0.18656	1.87801
0.18664	2.26821
0.18672	2.07311
0.1868	1.4878
0.18688	0.707393
0.18696	0.317188
0.18704	0.122086
0.18712	0.122086
0.1872	0.317188
0.18728	0.902495
0.18736	1.0976
0.18744	1.0976
0.18752	1.2927
0.1876	1.4878
0.18768	1.0976
0.18776	0.122086
0.18784	-0.658324
0.18792	-0.853426
0.188	0.317188
0.18808	1.6829
0.18816	2.65842
0.18824	2.85352
0.18832	2.07311
0.1884	0.51229
0.18848	-0.463222
0.18856	-0.853426
0.18864	-0.853426
0.18872	-0.658324
0.1888	-0.0730174
0.18888	0.707393
0.18896	1.0976
0.18904	1.0976
0.18912	1.0976
0.1892	0.902495
0.18928	0.122086
0.18936	-1.04853
0.18944	-2.21914
0.18952	-2.41425
0.1896	-1.04853
0.18968	0.902495
0.18976	2.65842
0.18984	3.04862
0.18992	1.6829
0.19	-0.463222
0.19008	-1.82894
0.19016	-1.82894
0.19024	-1.04853
0.19032	-0.0730174
0.1904	0.51229
0.19048	0.707393
0.19056	0.902495
0.19064	1.2927
0.19072	1.2927
0.1908	0.51229
0.19088	-0.463222
0.19096	-1.24363
0.19104	-1.04853
0.19112	-0.658324
0.1912	0.317188
0.19128	1.2927
0.19136	1.87801
0.19144	1.6829
0.19152	0.707393
0.1916	-0.0730174
0.19168	-0.268119
0.19176	0.317188
0.19184	1.0976
0.19192	1.6829
0.192	1.2927
0.19208	0.51229
0.19216	-0.463222
0.19224	-1.63384
0.19232	-2.41425
0.1924	-2.21914
0.19248	-0.853426
0.19256	0.707393
0.19264	1.6829
0.19272	1.6829
0.1928	0.51229
0.19288	-0.853426
0.19296	-2.02404
0.19304	-2.99955
0.19312	-2.99955
0.1932	-1.63384
0.19328	0.51229
0.19336	2.46331
0.19344	3.04862
0.19352	2.65842
0.1936	1.4878
0.19368	0.122086
0.19376	-1.24363
0.19384	-1.63384
0.19392	-1.24363
0.194	-0.463222
0.19408	0.707393
0.19416	1.6829
0.19424	1.6829
0.19432	0.707393
0.1944	-0.853426
0.19448	-2.02404
0.19456	-2.60935
0.19464	-2.02404
0.19472	-0.658324
0.1948	0.902495
0.19488	1.87801
0.19496	1.87801
0.19504	1.4878
0.19512	0.122086
0.1952	-1.63384
0.19528	-2.80445
0.19536	-2.60935
0.19544	-1.63384
0.19552	-0.0730174
0.1956	1.6829
0.19568	3.24372
0.19576	3.43883
0.19584	2.46331
0.19592	0.51229
0.196	-1.82894
0.19608	-3.77996
0.19616	-4.17017
0.19624	-3.38976
0.19632	-1.43873
0.1964	0.51229
0.19648	1.6829
0.19656	1.6829
0.19664	0.51229
0.19672	-1.24363
0.1968	-2.60935
0.19688	-3.19466
0.19696	-2.60935
0.19704	-1.24363
0.19712	0.51229
0.1972	2.26821
0.19728	2.65842
0.19736	1.87801
0.19744	-0.0730174
0.19752	-2.21914
0.1976	-3.58486
0.19768	-3.77996
0.19776	-2.80445
0.19784	-1.24363
0.19792	0.902495
0.198	2.46331
0.19808	3.63393
0.19816	3.24372
0.19824	1.6829
0.19832	-0.463222
0.1984	-2.02404
0.19848	-2.80445
0.19856	-2.41425
0.19864	-1.04853
0.19872	0.902495
0.1988	2.26821
0.19888	2.65842
0.19896	1.6829
0.19904	-0.0730174
0.19912	-2.21914
0.1992	-3.38976
0.19928	-3.19466
0.19936	-2.21914
0.19944	-0.658324
0.19952	0.51229
0.1996	1.2927
0.19968	1.6829
0.19976	1.6829
0.19984	1.2927
0.19992	0.707393
0.2	-0.0730174
0.20008	-0.268119
0.20016	-0.268119
0.20024	-0.0730174
0.20032	0.122086
0.2004	0.317188
0.20048	0.317188
0.20056	0.902495
0.20064	1.0976
0.20072	0.707393
0.2008	-0.0730174
0.20088	-1.24363
0.20096	-1.82894
0.20104	-1.82894
0.20112	-1.04853
0.2012	-0.268119
0.20128	0.317188
0.20136	0.51229
0.20144	0.317188
0.20152	-0.0730174
0.2016	-0.463222
0.20168	-1.04853
0.20176	-1.24363
0.20184	-1.24363
0.20192	-0.463222
0.202	0.51229
0.20208	1.0976
0.20216	1.2927
0.20224	0.902495
0.20232	0.122086
0.2024	-0.463222
0.20248	-1.04853
0.20256	-1.04853
0.20264	-0.853426
0.20272	-0.268119
0.2028	0.317188
0.20288	0.707393
0.20296	0.902495
0.20304	0.51229
0.20312	-0.268119
0.2032	-1.24363
0.20328	-2.02404
0.20336	-2.60935
0.20344	-2.41425
0.20352	-1.24363
0.2036	0.317188
0.20368	1.4878
0.20376	1.6829
0.20384	0.707393
0.20392	-0.658324
0.204	-2.02404
0.20408	-2.80445
0.20416	-2.21914
0.20424	-1.04853
0.20432	0.51229
0.2044	1.6829
0.20448	2.07311
0.20456	1.6829
0.20464	0.51229
0.20472	-1.04853
0.2048	-2.41425
0.20488	-2.80445
0.20496	-2.21914
0.20504	-0.853426
0.20512	0.902495
0.2052	1.87801
0.20528	1.87801
0.20536	1.0976
0.20544	-0.268119
0.20552	-1.43873
0.2056	-2.21914
0.20568	-2.41425
0.20576	-1.63384
0.20584	-0.658324
0.20592	0.51229
0.206	1.0976
0.20608	1.6829
0.20616	1.6829
0.20624	1.0976
0.20632	0.51229
0.2064	-0.268119
0.20648	-0.463222
0.20656	-0.0730174
0.20664	0.707393
0.20672	1.6829
0.2068	2.46331
0.20688	2.46331
0.20696	1.87801
0.20704	1.2927
0.20712	0.902495
0.2072	0.902495
0.20728	0.707393
0.20736	0.51229
0.20744	0.707393
0.20752	0.707393
0.2076	1.0976
0.20768	1.0976
0.20776	0.902495
0.20784	0.317188
0.20792	-0.268119
0.208	-0.658324
0.20808	-0.658324
0.20816	0.122086
0.20824	1.0976
0.20832	2.07311
0.2084	2.26821
0.20848	1.4878
0.20856	0.51229
0.20864	-0.463222
0.20872	-1.04853
0.2088	-1.24363
0.20888	-0.658324
0.20896	0.51229
0.20904	1.6829
0.20912	2.46331
0.2092	2.26821
0.20928	1.6829
0.20936	0.51229
0.20944	-0.853426
0.20952	-2.02404
0.2096	-2.21914
0.20968	-1.82894
0.20976	-0.658324
0.20984	0.51229
0.20992	0.902495
0.21	0.51229
0.21008	-0.463222
0.21016	-1.43873
0.21024	-2.02404
0.21032	-2.02404
0.2104	-1.43873
0.21048	-0.658324
0.21056	0.122086
0.21064	0.902495
0.21072	0.902495
0.2108	0.51229
0.21088	-0.268119
0.21096	-1.04853
0.21104	-1.43873
0.21112	-1.24363
0.2112	-0.658324
0.21128	0.122086
0.21136	0.707393
0.21144	0.902495
0.21152	0.51229
0.2116	-0.0730174
0.21168	-0.853426
0.21176	-1.24363
0.21184	-1.43873
0.21192	-0.853426
0.212	-0.268119
0.21208	0.51229
0.21216	0.902495
0.21224	0.902495
0.21232	0.51229
0.2124	0.122086
0.21248	-0.658324
0.21256	-1.24363
0.21264	-1.24363
0.21272	-0.463222
0.2128	0.317188
0.21288	0.902495
0.21296	1.2927
0.21304	1.4878
0.21312	1.0976
0.2132	0.317188
0.21328	-0.268119
0.21336	-0.463222
0.21344	-0.463222
0.21352	-0.463222
0.2136	-0.268119
0.21368	0.122086
0.21376	0.707393
0.21384	1.2927
0.21392	1.87801
0.214	1.87801
0.21408	1.2927
0.21416	0.51229
0.21424	-0.0730174
0.21432	-0.0730174
0.2144	0.122086
0.21448	0.707393
0.21456	0.902495
0.21464	0.707393
0.21472	0.122086
0.2148	-0.463222
0.21488	-0.658324
0.21496	-0.658324
0.21504	-0.463222
0.21512	0.122086
0.2152	0.707393
0.21528	1.0976
0.21536	1.0976
0.21544	0.707393
0.21552	0.122086
0.2156	-1.04853
0.21568	-1.82894
0.21576	-1.82894
0.21584	-1.43873
0.21592	-0.853426
0.216	0.122086
0.21608	0.707393
0.21616	1.0976
0.21624	0.902495
0.21632	0.317188
0.2164	-0.0730174
0.21648	-0.463222
0.21656	-0.658324
0.21664	-0.463222
0.21672	-0.268119
0.2168	0.122086
0.21688	0.317188
0.21696	0.51229
0.21704	0.122086
0.21712	-0.0730174
0.2172	-0.463222
0.21728	-0.268119
0.21736	-0.0730174
0.21744	0.122086
0.21752	0.317188
0.2176	0.51229
0.21768	0.51229
0.21776	0.707393
0.21784	0.51229
0.21792	0.317188
0.218	-0.0730174
0.21808	-0.658324
0.21816	-0.853426
0.21824	-0.658324
0.21832	-0.268119
0.2184	-0.0730174
0.21848	0.51229
0.21856	0.902495
0.21864	1.2927
0.21872	0.902495
0.2188	0.317188
0.21888	-0.268119
0.21896	-0.853426
0.21904	-1.24363
0.21912	-1.24363
0.2192	-0.853426
0.21928	-0.658324
0.21936	-0.268119
0.21944	-0.0730174
0.21952	-0.268119
0.2196	-0.658324
0.21968	-0.658324
0.21976	-0.658324
0.21984	-0.658324
0.21992	-0.463222
0.22	-0.268119
0.22008	-0.268119
0.22016	-0.463222
0.22024	-0.658324
0.22032	-1.04853
0.2204	-1.24363
0.22048	-1.24363
0.22056	-1.04853
0.22064	-0.0730174
0.22072	0.51229
0.2208	0.902495
0.22088	0.51229
0.22096	-0.463222
0.22104	-1.24363
0.22112	-1.63384
0.2212	-1.43873
0.22128	-0.658324
0.22136	0.317188
0.22144	1.2927
0.22152	1.4878
0.2216	1.2927
0.22168	1.0976
0.22176	0.51229
0.22184	-0.268119
0.22192	-0.658324
0.222	-0.268119
0.22208	0.51229
0.22216	1.0976
0.22224	1.87801
0.22232	2.07311
0.2224	1.6829
0.22248	1.0976
0.22256	0.122086
0.22264	-0.658324
0.22272	-1.04853
0.2228	-1.24363
0.22288	-1.04853
0.22296	-0.658324
0.22304	-0.0730174
0.22312	0.122086
0.2232	0.51229
0.22328	0.902495
0.22336	1.0976
0.22344	0.902495
0.22352	0.707393
0.2236	0.51229
0.22368	0.51229
0.22376	0.317188
0.22384	0.317188
0.22392	0.317188
0.224	0.317188
0.22408	0.122086
0.22416	0.122086
0.22424	-0.0730174
0.22432	-0.0730174
0.2244	0.122086
0.22448	0.51229
0.22456	1.2927
0.22464	1.6829
0.22472	1.87801
0.2248	1.6829
0.22488	0.902495
0.22496	-0.268119
0.22504	-1.04853
0.22512	-1.43873
0.2252	-1.24363
0.22528	-0.658324
0.22536	0.122086
0.22544	0.902495
0.22552	1.2927
0.2256	1.2927
0.22568	0.707393
0.22576	-0.0730174
0.22584	-0.853426
0.22592	-1.04853
0.226	-0.463222
0.22608	0.317188
0.22616	0.902495
0.22624	1.2927
0.22632	1.4878
0.2264	1.4878
0.22648	1.0976
0.22656	0.317188
0.22664	-0.463222
0.22672	-0.853426
0.2268	-0.658324
0.22688	-0.463222
0.22696	0.122086
0.22704	0.707393
0.22712	0.902495
0.2272	0.707393
0.22728	0.51229
0.22736	-0.0730174
0.22744	-0.658324
0.22752	-1.04853
0.2276	-1.24363
0.22768	-1.24363
0.22776	-1.24363
0.22784	-1.04853
0.22792	-0.853426
0.228	-0.463222
0.22808	-0.658324
0.22816	-0.853426
0.22824	-1.24363
0.22832	-1.63384
0.2284	-1.63384
0.22848	-1.43873
0.22856	-1.24363
0.22864	-0.853426
0.22872	-0.658324
0.2288	-0.268119
0.22888	-0.0730174
0.22896	0.317188
0.22904	0.51229
0.22912	0.51229
0.2292	0.317188
0.22928	0.122086
0.22936	0.317188
0.22944	0.317188
0.22952	0.51229
0.2296	0.122086
0.22968	-0.268119
0.22976	-0.658324
0.22984	-0.853426
0.22992	-0.658324
0.23	-0.658324
0.23008	-0.658324
0.23016	-0.463222
0.23024	-0.463222
0.23032	-0.268119
0.2304	-0.268119
0.23048	-0.268119
0.23056	-0.268119
0.23064	-0.0730174
0.23072	0.122086
0.2308	0.317188
0.23088	0.51229
0.23096	0.707393
0.23104	0.902495
0.23112	0.902495
0.2312	0.707393
0.23128	0.51229
0.23136	0.122086
0.23144	-0.268119
0.23152	-0.463222
0.2316	-0.463222
0.23168	-0.268119
0.23176	-0.0730174
0.23184	-0.0730174
0.23192	0.122086
0.232	0.51229
0.23208	0.707393
0.23216	0.51229
0.23224	-0.0730174
0.23232	-0.658324
0.2324	-1.24363
0.23248	-1.43873
0.23256	-1.43873
0.23264	-0.853426
0.23272	-0.268119
0.2328	0.51229
0.23288	0.707393
0.23296	0.707393
0.23304	0.317188
0.23312	-0.0730174
0.2332	-0.268119
0.23328	-0.268119
0.23336	0.122086
0.23344	0.51229
0.23352	0.707393
0.2336	0.707393
0.23368	0.51229
0.23376	-0.0730174
0.23384	-0.463222
0.23392	-0.658324
0.234	-0.268119
0.23408	0.122086
0.23416	0.317188
0.23424	0.317188
0.23432	0.317188
0.2344	0.122086
0.23448	0.317188
0.23456	0.317188
0.23464	0.317188
0.23472	0.317188
0.2348	0.122086
0.23488	0.122086
0.23496	0.122086
0.23504	0.122086
0.23512	-0.0730174
0.2352	-0.268119
0.23528	-0.463222
0.23536	-0.658324
0.23544	-0.463222
0.23552	0.122086
0.2356	0.51229
0.23568	0.707393
0.23576	0.51229
0.23584	0.122086
0.23592	-0.0730174
0.236	-0.0730174
0.23608	-0.463222
0.23616	-0.658324
0.23624	-0.658324
0.23632	-0.463222
0.2364	-0.0730174
0.23648	0.122086
0.23656	0.122086
0.23664	0.317188
0.23672	0.51229
0.2368	0.122086
0.23688	-0.268119
0.23696	-0.853426
0.23704	-1.24363
0.23712	-1.24363
0.2372	-1.24363
0.23728	-1.24363
0.23736	-1.04853
0.23744	-0.463222
0.23752	-0.268119
0.2376	-0.0730174
0.23768	-0.0730174
0.23776	-0.0730174
0.23784	-0.0730174
0.23792	-0.0730174
0.238	-0.268119
0.23808	-0.463222
0.23816	-0.463222
0.23824	-0.463222
0.23832	-0.268119
0.2384	0.122086
0.23848	0.51229
0.23856	0.707393
0.23864	0.707393
0.23872	0.51229
0.2388	0.51229
0.23888	0.51229
0.23896	0.317188
0.23904	0.122086
0.23912	0.122086
0.2392	-0.0730174
0.23928	-0.0730174
0.23936	-0.0730174
0.23944	-0.0730174
0.23952	-0.0730174
0.2396	-0.0730174
0.23968	-0.0730174
0.23976	0.122086
0.23984	0.317188
0.23992	0.122086
0.24	-0.0730174
0.24008	-0.0730174
0.24016	0.122086
0.24024	0.122086
0.24032	0.707393
0.2404	1.0976
0.24048	1.2927
0.24056	0.902495
0.24064	0.317188
0.24072	-0.268119
0.2408	-0.658324
0.24088	-0.853426
0.24096	-0.853426
0.24104	-0.853426
0.24112	-0.658324
0.2412	-0.463222
0.24128	-0.463222
0.24136	-0.658324
0.24144	-0.853426
0.24152	-1.04853
0.2416	-0.853426
0.24168	-0.658324
0.24176	-0.268119
0.24184	0.122086
0.24192	0.51229
0.242	0.51229
0.24208	0.317188
0.24216	0.317188
0.24224	0.122086
0.24232	0.122086
0.2424	-0.0730174
0.24248	-0.0730174
0.24256	-0.0730174
0.24264	0.122086
0.24272	0.317188
0.2428	0.707393
0.24288	1.0976
0.24296	1.2927
0.24304	1.2927
0.24312	0.902495
0.2432	0.317188
0.24328	-0.0730174
0.24336	-0.463222
0.24344	-0.463222
0.24352	-0.268119
0.2436	-0.0730174
0.24368	0.122086
0.24376	0.122086
0.24384	0.122086
0.24392	-0.268119
0.244	-0.463222
0.24408	-0.658324
0.24416	-0.853426
0.24424	-1.24363
0.24432	-1.43873
0.2444	-1.43873
0.24448	-1.24363
0.24456	-1.04853
0.24464	-0.658324
0.24472	-0.0730174
0.2448	0.317188
0.24488	0.51229
0.24496	0.51229
0.24504	0.51229
0.24512	0.317188
0.2452	0.122086
0.24528	-0.0730174
0.24536	-0.0730174
0.24544	-0.0730174
0.24552	-0.268119
0.2456	-0.463222
0.24568	-0.853426
0.24576	-0.853426
0.24584	-0.853426
0.24592	-0.658324
0.246	-0.463222
0.24608	-0.268119
0.24616	-0.268119
0.24624	0.122086
0.24632	0.317188
0.2464	0.707393
0.24648	1.0976
0.24656	1.0976
0.24664	0.902495
0.24672	0.317188
0.2468	0.122086
0.24688	0.122086
0.24696	0.317188
0.24704	0.902495
0.24712	1.4878
0.2472	1.87801
0.24728	1.87801
0.24736	1.4878
0.24744	0.51229
0.24752	-0.0730174
0.2476	-0.463222
0.24768	-0.658324
0.24776	-0.268119
0.24784	0.122086
0.24792	0.317188
0.248	0.51229
0.24808	0.122086
0.24816	-0.463222
0.24824	-1.24363
0.24832	-1.63384
0.2484	-1.43873
0.24848	-0.853426
0.24856	-0.0730174
0.24864	0.902495
0.24872	1.2927
0.2488	0.902495
0.24888	0.317188
0.24896	-0.463222
0.24904	-0.658324
0.24912	-0.463222
0.2492	0.122086
0.24928	0.51229
0.24936	0.51229
0.24944	0.707393
0.24952	0.51229
0.2496	0.317188
0.24968	-0.0730174
0.24976	-0.268119
0.24984	-0.268119
0.24992	-0.0730174
0.25	0.122086
0.25008	0.122086
0.25016	0.122086
0.25024	-0.0730174
0.25032	-0.268119
0.2504	-0.463222
0.25048	-0.268119
0.25056	-0.0730174
0.25064	-0.0730174
0.25072	-0.0730174
0.2508	-0.0730174
0.25088	-0.0730174
0.25096	-0.0730174
0.25104	-0.268119
0.25112	-0.463222
0.2512	-0.463222
0.25128	-0.463222
0.25136	-0.268119
0.25144	0.122086
0.25152	0.317188
0.2516	0.122086
0.25168	-0.0730174
0.25176	-0.658324
0.25184	-0.658324
0.25192	-0.658324
0.252	-0.658324
0.25208	-0.0730174
0.25216	0.122086
0.25224	0.317188
0.25232	-0.0730174
0.2524	-0.268119
0.25248	-0.463222
0.25256	-0.463222
0.25264	-0.268119
0.25272	-0.0730174
0.2528	-0.0730174
0.25288	-0.0730174
0.25296	-0.268119
0.25304	-0.658324
0.25312	-1.04853
0.2532	-1.43873
0.25328	-1.43873
0.25336	-1.04853
0.25344	-0.268119
0.25352	0.51229
0.2536	1.2927
0.25368	1.87801
0.25376	1.87801
0.25384	1.2927
0.25392	0.51229
0.254	-0.0730174
0.25408	-0.268119
0.25416	-0.0730174
0.25424	0.51229
0.25432	1.0976
0.2544	1.4878
0.25448	1.4878
0.25456	0.902495
0.25464	-0.0730174
0.25472	-1.24363
0.2548	-2.21914
0.25488	-2.41425
0.25496	-1.82894
0.25504	-0.853426
0.25512	0.51229
0.2552	1.4878
0.25528	1.6829
0.25536	1.0976
0.25544	0.51229
0.25552	-0.463222
0.2556	-1.04853
0.25568	-1.24363
0.25576	-0.658324
0.25584	0.122086
0.25592	1.0976
0.256	2.07311
0.25608	2.26821
0.25616	1.87801
0.25624	1.0976
0.25632	0.122086
0.2564	-0.463222
0.25648	-0.658324
0.25656	-0.463222
0.25664	-0.0730174
0.25672	0.122086
0.2568	0.317188
0.25688	0.317188
0.25696	0.317188
0.25704	-0.0730174
0.25712	-0.463222
0.2572	-0.463222
0.25728	-0.463222
0.25736	-0.0730174
0.25744	0.317188
0.25752	0.51229
0.2576	0.51229
0.25768	0.317188
0.25776	-0.0730174
0.25784	-0.268119
0.25792	-0.463222
0.258	-0.268119
0.25808	-0.268119
0.25816	-0.0730174
0.25824	0.317188
0.25832	0.51229
0.2584	0.707393
0.25848	0.902495
0.25856	0.902495
0.25864	0.902495
0.25872	0.51229
0.2588	0.317188
0.25888	-0.0730174
0.25896	-0.463222
0.25904	-0.463222
0.25912	-0.463222
0.2592	-0.0730174
0.25928	0.122086
0.25936	0.317188
0.25944	0.317188
0.25952	-0.0730174
0.2596	-0.463222
0.25968	-0.853426
0.25976	-1.24363
0.25984	-1.24363
0.25992	-0.853426
0.26	-0.0730174
0.26008	0.51229
0.26016	1.0976
0.26024	1.0976
0.26032	0.51229
0.2604	-0.463222
0.26048	-1.24363
0.26056	-1.24363
0.26064	-0.658324
0.26072	0.122086
0.2608	0.902495
0.26088	1.2927
0.26096	1.4878
0.26104	1.2927
0.26112	0.902495
0.2612	0.317188
0.26128	-0.268119
0.26136	-0.463222
0.26144	-0.463222
0.26152	0.317188
0.2616	0.707393
0.26168	1.0976
0.26176	0.707393
0.26184	0.122086
0.26192	-0.658324
0.262	-1.24363
0.26208	-1.43873
0.26216	-1.24363
0.26224	-0.463222
0.26232	0.317188
0.2624	0.902495
0.26248	0.902495
0.26256	0.707393
0.26264	-0.0730174
0.26272	-0.853426
0.2628	-1.24363
0.26288	-1.04853
0.26296	-0.268119
0.26304	0.51229
0.26312	1.0976
0.2632	1.4878
0.26328	1.4878
0.26336	1.0976
0.26344	0.51229
0.26352	-0.268119
0.2636	-0.658324
0.26368	-0.658324
0.26376	-0.463222
0.26384	0.122086
0.26392	0.51229
0.264	0.707393
0.26408	0.707393
0.26416	0.122086
0.26424	-0.268119
0.26432	-0.658324
0.2644	-0.658324
0.26448	-0.268119
0.26456	0.122086
0.26464	0.51229
0.26472	0.902495
0.2648	0.902495
0.26488	0.707393
0.26496	0.317188
0.26504	0.122086
0.26512	-0.0730174
0.2652	-0.0730174
0.26528	0.122086
0.26536	0.51229
0.26544	0.51229
0.26552	0.51229
0.2656	0.707393
0.26568	0.707393
0.26576	0.707393
0.26584	0.317188
0.26592	-0.0730174
0.266	-0.0730174
0.26608	-0.0730174
0.26616	-0.0730174
0.26624	-0.0730174
0.26632	-0.0730174
0.2664	-0.0730174
0.26648	-0.268119
0.26656	-0.463222
0.26664	-0.463222
0.26672	-0.463222
0.2668	-0.268119
0.26688	0.122086
0.26696	0.51229
0.26704	0.707393
0.26712	0.707393
0.2672	0.707393
0.26728	0.317188
0.26736	0.122086
0.26744	-0.0730174
0.26752	-0.268119
0.2676	-0.463222
0.26768	-0.853426
0.26776	-0.658324
0.26784	0.902495
0.26792	2.26821
0.268	1.6829
0.26808	0.707393
0.26816	1.0976
0.26824	1.0976
0.26832	-0.853426
0.2684	-2.02404
0.26848	-1.43873
0.26856	0.122086
0.26864	0.707393
0.26872	0.122086
0.2688	-0.268119
0.26888	-0.0730174
0.26896	-0.0730174
0.26904	-0.268119
0.26912	-0.0730174
0.2692	0.317188
0.26928	1.0976
0.26936	1.4878
0.26944	1.2927
0.26952	0.122086
0.2696	-1.04853
0.26968	-1.24363
0.26976	-0.268119
0.26984	0.122086
0.26992	0.51229
0.27	1.4878
0.27008	2.07311
0.27016	1.0976
0.27024	-1.82894
0.27032	-4.17017
0.2704	-3.58486
0.27048	-1.24363
0.27056	0.902495
0.27064	2.26821
0.27072	3.04862
0.2708	2.85352
0.27088	1.4878
0.27096	-1.04853
0.27104	-2.80445
0.27112	-2.99955
0.2712	-2.21914
0.27128	-0.853426
0.27136	0.317188
0.27144	1.87801
0.27152	3.04862
0.2716	3.04862
0.27168	1.4878
0.27176	-0.658324
0.27184	-2.02404
0.27192	-2.41425
0.272	-2.02404
0.27208	-1.24363
0.27216	0.51229
0.27224	2.46331
0.27232	3.43883
0.2724	2.85352
0.27248	1.0976
0.27256	-0.853426
0.27264	-2.21914
0.27272	-2.60935
0.2728	-1.82894
0.27288	-0.463222
0.27296	1.2927
0.27304	2.85352
0.27312	2.85352
0.2732	1.87801
0.27328	0.51229
0.27336	-0.268119
0.27344	-0.658324
0.27352	-1.04853
0.2736	-1.24363
0.27368	-0.853426
0.27376	0.317188
0.27384	2.07311
0.27392	2.85352
0.274	2.85352
0.27408	1.6829
0.27416	0.317188
0.27424	-1.24363
0.27432	-1.82894
0.2744	-1.82894
0.27448	-0.658324
0.27456	1.0976
0.27464	2.65842
0.27472	3.43883
0.2748	3.04862
0.27488	1.87801
0.27496	0.51229
0.27504	-0.463222
0.27512	-1.24363
0.2752	-1.43873
0.27528	-1.24363
0.27536	-0.463222
0.27544	0.707393
0.27552	1.4878
0.2756	2.07311
0.27568	1.87801
0.27576	1.2927
0.27584	0.122086
0.27592	-0.853426
0.276	-1.24363
0.27608	-1.04853
0.27616	0.122086
0.27624	1.0976
0.27632	1.2927
0.2764	1.0976
0.27648	0.707393
0.27656	0.51229
0.27664	0.122086
0.27672	-0.0730174
0.2768	0.122086
0.27688	0.51229
0.27696	0.707393
0.27704	0.51229
0.27712	0.122086
0.2772	-0.268119
0.27728	-0.658324
0.27736	-0.463222
0.27744	0.122086
0.27752	0.707393
0.2776	0.707393
0.27768	0.707393
0.27776	0.51229
0.27784	0.317188
0.27792	0.122086
0.278	0.122086
0.27808	0.122086
0.27816	0.122086
0.27824	0.317188
0.27832	0.51229
0.2784	0.707393
0.27848	0.902495
0.27856	0.707393
0.27864	0.707393
0.27872	0.51229
0.2788	0.122086
0.27888	0.122086
0.27896	0.51229
0.27904	0.902495
0.27912	1.6829
0.2792	2.07311
0.27928	1.6829
0.27936	0.902495
0.27944	-0.463222
0.27952	-1.63384
0.2796	-2.02404
0.27968	-1.43873
0.27976	-0.268119
0.27984	0.902495
0.27992	1.4878
0.28	1.6829
0.28008	1.2927
0.28016	0.51229
0.28024	-0.268119
0.28032	-1.24363
0.2804	-1.63384
0.28048	-1.63384
0.28056	-0.853426
0.28064	0.317188
0.28072	1.2927
0.2808	1.87801
0.28088	2.07311
0.28096	1.2927
0.28104	0.317188
0.28112	-0.658324
0.2812	-1.24363
0.28128	-1.43873
0.28136	-1.04853
0.28144	-0.268119
0.28152	0.51229
0.2816	0.707393
0.28168	1.0976
0.28176	0.707393
0.28184	0.51229
0.28192	-0.0730174
0.282	-0.463222
0.28208	-0.658324
0.28216	-0.463222
0.28224	-0.0730174
0.28232	0.317188
0.2824	0.707393
0.28248	0.707393
0.28256	0.51229
0.28264	0.122086
0.28272	-0.268119
0.2828	-0.463222
0.28288	-0.0730174
0.28296	0.317188
0.28304	0.707393
0.28312	0.902495
0.2832	0.902495
0.28328	0.902495
0.28336	0.317188
0.28344	-0.0730174
0.28352	-0.268119
0.2836	-0.268119
0.28368	-0.0730174
0.28376	0.122086
0.28384	0.51229
0.28392	0.707393
0.284	0.51229
0.28408	0.317188
0.28416	-0.0730174
0.28424	-0.0730174
0.28432	0.122086
0.2844	0.122086
0.28448	0.317188
0.28456	0.317188
0.28464	0.317188
0.28472	0.122086
0.2848	0.122086
0.28488	-0.268119
0.28496	-0.463222
0.28504	-0.463222
0.28512	-0.0730174
0.2852	0.317188
0.28528	0.707393
0.28536	1.0976
0.28544	0.902495
0.28552	0.51229
0.2856	0.122086
0.28568	-0.268119
0.28576	-0.463222
0.28584	-0.268119
0.28592	0.317188
0.286	0.707393
0.28608	1.0976
0.28616	1.2927
0.28624	1.2927
0.28632	1.0976
0.2864	0.51229
0.28648	0.122086
0.28656	-0.268119
0.28664	-0.463222
0.28672	-0.0730174
0.2868	0.317188
0.28688	0.707393
0.28696	1.0976
0.28704	1.0976
0.28712	0.707393
0.2872	0.317188
0.28728	-0.268119
0.28736	-0.463222
0.28744	-0.463222
0.28752	-0.268119
0.2876	0.122086
0.28768	0.317188
0.28776	0.902495
0.28784	1.2927
0.28792	1.2927
0.288	0.51229
0.28808	-0.268119
0.28816	-0.853426
0.28824	-1.04853
0.28832	-0.853426
0.2884	-0.0730174
0.28848	0.707393
0.28856	1.2927
0.28864	1.6829
0.28872	1.6829
0.2888	1.2927
0.28888	0.707393
0.28896	-0.0730174
0.28904	-0.463222
0.28912	-0.658324
0.2892	-0.0730174
0.28928	0.707393
0.28936	1.2927
0.28944	2.07311
0.28952	1.87801
0.2896	1.4878
0.28968	0.51229
0.28976	-0.463222
0.28984	-1.04853
0.28992	-1.04853
0.29	-0.463222
0.29008	0.317188
0.29016	1.0976
0.29024	1.6829
0.29032	1.6829
0.2904	1.2927
0.29048	0.51229
0.29056	-0.0730174
0.29064	-0.658324
0.29072	-0.853426
0.2908	-0.463222
0.29088	0.122086
0.29096	0.707393
0.29104	1.2927
0.29112	1.4878
0.2912	1.0976
0.29128	0.51229
0.29136	-0.268119
0.29144	-0.658324
0.29152	-0.463222
0.2916	-0.0730174
0.29168	0.51229
0.29176	0.902495
0.29184	1.0976
0.29192	1.0976
0.292	0.51229
0.29208	-0.0730174
0.29216	-0.658324
0.29224	-0.658324
0.29232	-0.463222
0.2924	-0.0730174
0.29248	0.51229
0.29256	0.902495
0.29264	0.902495
0.29272	0.707393
0.2928	0.317188
0.29288	-0.0730174
0.29296	-0.268119
0.29304	-0.268119
0.29312	-0.0730174
0.2932	0.317188
0.29328	0.707393
0.29336	0.707393
0.29344	0.51229
0.29352	0.122086
0.2936	-0.0730174
0.29368	-0.268119
0.29376	-0.0730174
0.29384	0.122086
0.29392	0.317188
0.294	0.317188
0.29408	0.317188
0.29416	0.122086
0.29424	0.122086
0.29432	-0.268119
0.2944	-0.268119
0.29448	-0.0730174
0.29456	0.122086
0.29464	0.51229
0.29472	0.51229
0.2948	0.51229
0.29488	0.122086
0.29496	-0.0730174
0.29504	-0.0730174
0.29512	-0.0730174
0.2952	0.317188
0.29528	0.707393
0.29536	0.902495
0.29544	0.902495
0.29552	0.707393
0.2956	0.317188
0.29568	-0.0730174
0.29576	-0.268119
0.29584	-0.268119
0.29592	-0.0730174
0.296	0.122086
0.29608	0.51229
0.29616	0.51229
0.29624	0.51229
0.29632	0.51229
0.2964	0.317188
0.29648	0.122086
0.29656	0.122086
0.29664	0.317188
0.29672	0.51229
0.2968	0.902495
0.29688	0.707393
0.29696	0.51229
0.29704	-0.0730174
0.29712	-0.463222
0.2972	-0.463222
0.29728	-0.268119
0.29736	-0.0730174
0.29744	-0.0730174
0.29752	-0.0730174
0.2976	0.122086
0.29768	0.317188
0.29776	0.317188
0.29784	0.317188
0.29792	-0.0730174
0.298	-0.268119
0.29808	-0.0730174
0.29816	-0.0730174
0.29824	0.122086
0.29832	0.317188
0.2984	0.317188
0.29848	0.51229
0.29856	0.317188
0.29864	0.317188
0.29872	0.51229
0.2988	0.317188
0.29888	0.317188
0.29896	0.317188
0.29904	0.317188
0.29912	0.317188
0.2992	0.317188
0.29928	0.317188
0.29936	0.122086
0.29944	-0.0730174
0.29952	-0.0730174
0.2996	0.122086
0.29968	0.122086
0.29976	0.317188
0.29984	0.317188
0.29992	0.122086
0.3	-0.0730174
0.30008	-0.0730174
0.30016	-0.0730174
0.30024	-0.0730174
0.30032	0.122086
0.3004	0.122086
0.30048	0.122086
0.30056	0.122086
0.30064	0.122086
0.30072	0.317188
0.3008	0.122086
0.30088	0.122086
0.30096	-0.0730174
0.30104	-0.0730174
0.30112	0.122086
0.3012	0.122086
0.30128	-0.0730174
0.30136	-0.268119
0.30144	-0.463222
0.30152	-0.268119
0.3016	-0.0730174
0.30168	0.122086
0.30176	0.317188
0.30184	0.317188
0.30192	0.122086
0.302	-0.0730174
0.30208	-0.463222
0.30216	-0.463222
0.30224	-0.463222
0.30232	-0.268119
0.3024	-0.0730174
0.30248	0.122086
0.30256	0.317188
0.30264	0.122086
0.30272	-0.0730174
0.3028	-0.268119
0.30288	-0.658324
0.30296	-0.658324
0.30304	-0.658324
0.30312	-0.0730174
0.3032	0.122086
0.30328	0.317188
0.30336	0.317188
0.30344	0.317188
0.30352	0.122086
0.3036	-0.0730174
0.30368	-0.268119
0.30376	-0.268119
0.30384	-0.0730174
0.30392	0.317188
0.304	0.707393
0.30408	0.902495
0.30416	0.902495
0.30424	0.707393
0.30432	0.317188
0.3044	0.122086
0.30448	-0.0730174
0.30456	-0.268119
0.30464	-0.268119
0.30472	-0.268119
0.3048	-0.0730174
0.30488	0.122086
0.30496	0.317188
0.30504	0.317188
0.30512	0.317188
0.3052	0.122086
0.30528	0.122086
0.30536	-0.0730174
0.30544	-0.0730174
0.30552	0.122086
0.3056	0.122086
0.30568	0.122086
0.30576	0.317188
0.30584	0.317188
0.30592	0.317188
0.306	0.122086
0.30608	0.122086
0.30616	-0.0730174
0.30624	-0.0730174
0.30632	-0.0730174
0.3064	0.122086
0.30648	-0.0730174
0.30656	-0.0730174
0.30664	-0.268119
0.30672	-0.0730174
0.3068	-0.268119
0.30688	-0.0730174
0.30696	0.122086
0.30704	0.122086
0.30712	0.317188
0.3072	0.122086
0.30728	-0.0730174
0.30736	-0.0730174
0.30744	-0.268119
0.30752	-0.0730174
0.3076	-0.0730174
0.30768	0.122086
0.30776	0.317188
0.30784	0.317188
0.30792	0.122086
0.308	0.122086
0.30808	-0.0730174
0.30816	-0.0730174
0.30824	-0.0730174
0.30832	-0.268119
0.3084	-0.268119
0.30848	-0.0730174
0.30856	-0.0730174
0.30864	-0.0730174
0.30872	-0.268119
0.3088	-0.268119
0.30888	-0.268119
0.30896	-0.268119
0.30904	-0.0730174
0.30912	0.122086
0.3092	0.122086
0.30928	0.122086
0.30936	0.317188
0.30944	0.317188
0.30952	0.122086
0.3096	0.122086
0.30968	0.122086
0.30976	0.122086
0.30984	0.122086
0.30992	0.122086
0.31	0
0.31008	0
0.31016	0
0.31024	0
0.31032	0
0.3104	0
0.31048	0
0.31056	0
0.31064	0
0.31072	0
0.3108	0
0.31088	0
0.31096	0
0.31104	0
0.31112	0
0.3112	0
0.31128	0
0.31136	0
0.31144	0
0.31152	0
0.3116	0
0.31168	0
0.31176	0
0.31184	0
0.31192	0
0.312	0
0.31208	0
0.31216	0
0.31224	0
0.31232	0
0.3124	0
0.31248	0
0.31256	0
0.31264	0
0.31272	0
0.3128	0
0.31288	0
0.31296	0
0.31304	0
0.31312	0
0.3132	0
0.31328	0
0.31336	0
0.31344	0
0.31352	0
0.3136	0
0.31368	0
0.31376	0
0.31384	0
0.31392	0
0.314	0
0.31408	0
0.31416	0
0.31424	0
0.31432	0
0.3144	0
0.31448	0
0.31456	0
0.31464	0
0.31472	0
0.3148	0
0.31488	0
0.31496	0
0.31504	0
0.31512	0
0.3152	0
0.31528	0
0.31536	0
0.31544	0
0.31552	0
0.3156	0
0.31568	0
0.31576	0
0.31584	0
0.31592	0
0.316	0
0.31608	0
0.31616	0
0.31624	0
0.31632	0
0.3164	0
0.31648	0
0.31656	0
0.31664	0
0.31672	0
0.3168	0
0.31688	0
0.31696	0
0.31704	0
0.31712	0
0.3172	0
0.31728	0
0.31736	0
0.31744	0
0.31752	0
0.3176	0
0.31768	0
0.31776	0
0.31784	0
0.31792	0
0.318	0
0.31808	0
0.31816	0
0.31824	0
0.31832	0
0.3184	0
0.31848	0
0.31856	0
0.31864	0
0.31872	0
0.3188	0
0.31888	0
0.31896	0
0.31904	0
0.31912	0
0.3192	0
0.31928	0
0.31936	0
0.31944	0
0.31952	0
0.3196	0
0.31968	0
0.31976	0
0.31984	0
0.31992	0
0.32	0
0.32008	0
0.32016	0
0.32024	0
0.32032	0
0.3204	0
0.32048	0
0.32056	0
0.32064	0
0.32072	0
0.3208	0
0.32088	0
0.32096	0
0.32104	0
0.32112	0
0.3212	0
0.32128	0
0.32136	0
0.32144	0
0.32152	0
0.3216	0
0.32168	0
0.32176	0
0.32184	0
0.32192	0
0.322	0
0.32208	0
0.32216	0
0.32224	0
0.32232	0
0.3224	0
0.32248	0
0.32256	0
0.32264	0
0.32272	0
0.3228	0
0.32288	0
0.32296	0
0.32304	0
0.32312	0
0.3232	0
0.32328	0
0.32336	0
0.32344	0
0.32352	0
0.3236	0
0.32368	0
0.32376	0
0.32384	0
0.32392	0
0.324	0
0.32408	0
0.32416	0
0.32424	0
0.32432	0
0.3244	0
0.32448	0
0.32456	0
0.32464	0
0.32472	0
0.3248	0
0.32488	0
0.32496	0
0.32504	0
0.32512	0
0.3252	0
0.32528	0
0.32536	0
0.32544	0
0.32552	0
0.3256	0
0.32568	0
0.32576	0
0.32584	0
0.32592	0
0.326	0
0.32608	0
0.32616	0
0.32624	0
0.32632	0
0.3264	0
0.32648	0
0.32656	0
0.32664	0
0.32672	0
0.3268	0
0.32688	0
0.32696	0
0.32704	0
0.32712	0
0.3272	0
0.32728	0
0.32736	0
0.32744	0
0.32752	0
0.3276	0
0.32768	0
0.32776	0
0.32784	0
0.32792	0
0.328	0
0.32808	0
0.32816	0
0.32824	0
0.32832	0
0.3284	0
0.32848	0
0.32856	0
0.32864	0
0.32872	0
0.3288	0
0.32888	0
0.32896	0
0.32904	0
0.32912	0
0.3292	0
0.32928	0
0.32936	0
0.32944	0
0.32952	0
0.3296	0
0.32968	0
0.32976	0
0.32984	0
0.32992	0
0.33	0
0.33008	0