-0.02008	-0.0315428
-0.02	-0.0315428
-0.01992	-0.0315428
-0.01984	-0.227783
-0.01976	-0.227783
-0.01968	-0.0315428
-0.0196	-0.227783
-0.01952	-0.0315428
-0.01944	-0.0315428
-0.01936	-0.0315428
-0.01928	-0.0315428
-0.0192	-0.0315428
-0.01912	-0.227783
-0.01904	-0.424023
-0.01896	-0.227783
-0.01888	-0.227783
-0.0188	-0.0315428
-0.01872	-0.0315428
-0.01864	-0.0315428
-0.01856	-0.0315428
-0.01848	-0.227783
-0.0184	-0.227783
-0.01832	-0.227783
-0.01824	-0.0315428
-0.01816	-0.227783
-0.01808	-0.227783
-0.018	-0.227783
-0.01792	-0.227783
-0.01784	-0.227783
-0.01776	-0.0315428
-0.01768	-0.0315428
-0.0176	-0.0315428
-0.01752	-0.0315428
-0.01744	-0.227783
-0.01736	-0.227783
-0.01728	-0.227783
-0.0172	-0.0315428
-0.01712	-0.0315428
-0.01704	-0.0315428
-0.01696	-0.0315428
-0.01688	-0.0315428
-0.0168	-0.227783
-0.01672	-0.227783
-0.01664	-0.227783
-0.01656	-0.0315428
-0.01648	-0.0315428
-0.0164	-0.0315428
-0.01632	-0.0315428
-0.01624	-0.0315428
-0.01616	-0.227783
-0.01608	-0.227783
-0.016	-0.0315428
-0.01592	-0.0315428
-0.01584	-0.0315428
-0.01576	-0.227783
-0.01568	-0.227783
-0.0156	-0.227783
-0.01552	-0.227783
-0.01544	-0.0315428
-0.01536	-0.0315428
-0.01528	-0.0315428
-0.0152	-0.0315428
-0.01512	-0.0315428
-0.01504	-0.0315428
-0.01496	-0.0315428
-0.01488	-0.0315428
-0.0148	-0.227783
-0.01472	-0.227783
-0.01464	-0.227783
-0.01456	-0.227783
-0.01448	-0.227783
-0.0144	-0.227783
-0.01432	-0.0315428
-0.01424	-0.0315428
-0.01416	-0.0315428
-0.01408	-0.0315428
-0.014	-0.227783
-0.01392	-0.0315428
-0.01384	-0.227783
-0.01376	-0.0315428
-0.01368	-0.227783
-0.0136	-0.227783
-0.01352	-0.227783
-0.01344	-0.227783
-0.01336	-0.0315428
-0.01328	-0.0315428
-0.0132	-0.0315428
-0.01312	-0.227783
-0.01304	-0.227783
-0.01296	-0.0315428
-0.01288	-0.227783
-0.0128	-0.227783
-0.01272	-0.227783
-0.01264	-0.0315428
-0.01256	-0.0315428
-0.01248	-0.0315428
-0.0124	-0.0315428
-0.01232	-0.0315428
-0.01224	-0.227783
-0.01216	-0.227783
-0.01208	-0.0315428
-0.012	-0.227783
-0.01192	-0.0315428
-0.01184	-0.0315428
-0.01176	-0.227783
-0.01168	-0.0315428
-0.0116	-0.0315428
-0.01152	-0.0315428
-0.01144	-0.0315428
-0.01136	-0.0315428
-0.01128	-0.0315428
-0.0112	-0.0315428
-0.01112	-0.0315428
-0.01104	-0.0315428
-0.01096	-0.227783
-0.01088	-0.227783
-0.0108	-0.227783
-0.01072	-0.227783
-0.01064	-0.0315428
-0.01056	-0.0315428
-0.01048	-0.0315428
-0.0104	-0.0315428
-0.01032	-0.0315428
-0.01024	-0.0315428
-0.01016	-0.0315428
-0.01008	-0.227783
-0.01	-0.0315428
-0.00992	-0.0315428
-0.00984	-0.0315428
-0.00976	-0.0315428
-0.00968	-0.0315428
-0.0096	-0.227783
-0.00952	-0.0315428
-0.00944	-0.0315428
-0.00936	-0.0315428
-0.00928	-0.0315428
-0.0092	-0.0315428
-0.00912	-0.0315428
-0.00904	-0.227783
-0.00896	-0.227783
-0.00888	-0.227783
-0.0088	-0.227783
-0.00872	-0.227783
-0.00864	-0.0315428
-0.00856	-0.0315428
-0.00848	-0.0315428
-0.0084	-0.0315428
-0.00832	-0.0315428
-0.00824	-0.0315428
-0.00816	-0.0315428
-0.00808	-0.0315428
-0.008	-0.227783
-0.00792	-0.227783
-0.00784	-0.227783
-0.00776	-0.0315428
-0.00768	-0.0315428
-0.0076	-0.0315428
-0.00752	-0.0315428
-0.00744	-0.0315428
-0.00736	-0.0315428
-0.00728	-0.227783
-0.0072	-0.0315428
-0.00712	-0.0315428
-0.00704	-0.0315428
-0.00696	-0.227783
-0.00688	-0.227783
-0.0068	-0.227783
-0.00672	-0.0315428
-0.00664	-0.0315428
-0.00656	-0.0315428
-0.00648	-0.0315428
-0.0064	-0.0315428
-0.00632	-0.0315428
-0.00624	-0.0315428
-0.00616	-0.227783
-0.00608	-0.227783
-0.006	-0.227783
-0.00592	-0.0315428
-0.00584	-0.0315428
-0.00576	0.164697
-0.00568	-0.0315428
-0.0056	-0.0315428
-0.00552	-0.0315428
-0.00544	-0.0315428
-0.00536	-0.227783
-0.00528	-0.424023
-0.0052	-0.424023
-0.00512	-0.227783
-0.00504	-0.0315428
-0.00496	-0.0315428
-0.00488	-0.0315428
-0.0048	-0.0315428
-0.00472	-0.227783
-0.00464	-0.0315428
-0.00456	-0.0315428
-0.00448	-0.0315428
-0.0044	-0.0315428
-0.00432	-0.0315428
-0.00424	-0.0315428
-0.00416	-0.0315428
-0.00408	-0.0315428
-0.004	-0.0315428
-0.00392	-0.227783
-0.00384	-0.0315428
-0.00376	-0.227783
-0.00368	-0.227783
-0.0036	-0.0315428
-0.00352	-0.0315428
-0.00344	0.164697
-0.00336	-0.0315428
-0.00328	-0.0315428
-0.0032	-0.0315428
-0.00312	-0.0315428
-0.00304	-0.0315428
-0.00296	-0.0315428
-0.00288	-0.0315428
-0.0028	-0.0315428
-0.00272	-0.0315428
-0.00264	-0.0315428
-0.00256	-0.0315428
-0.00248	-0.0315428
-0.0024	-0.0315428
-0.00232	-0.0315428
-0.00224	-0.0315428
-0.00216	-0.0315428
-0.00208	0.164697
-0.002	-0.0315428
-0.00192	-0.0315428
-0.00184	-0.227783
-0.00176	-0.227783
-0.00168	-0.227783
-0.0016	-0.227783
-0.00152	-0.0315428
-0.00144	-0.0315428
-0.00136	-0.0315428
-0.00128	-0.0315428
-0.0012	-0.0315428
-0.00112	-0.0315428
-0.00104	-0.0315428
-0.00096	-0.0315428
-0.00088	-0.0315428
-0.0008	-0.227783
-0.00072	-0.227783
-0.00064	-0.0315428
-0.00056	-0.0315428
-0.00048	-0.0315428
-0.0004	-0.0315428
-0.00032	-0.227783
-0.00024	-0.227783
-0.00016	-0.227783
-8e-05	-0.0315428
4.66478e-17	-0.0315428
8e-05	-0.0315428
0.00016	-0.0315428
0.00024	-0.0315428
0.00032	-0.0315428
0.0004	-0.0315428
0.00048	-0.0315428
0.00056	-0.0315428
0.00064	-0.0315428
0.00072	-0.0315428
0.0008	-0.227783
0.00088	-0.227783
0.00096	-0.227783
0.00104	-0.0315428
0.00112	-0.0315428
0.0012	-0.0315428
0.00128	-0.0315428
0.00136	-0.0315428
0.00144	-0.0315428
0.00152	-0.227783
0.0016	-0.424023
0.00168	-0.424023
0.00176	-0.424023
0.00184	-0.227783
0.00192	-0.227783
0.002	-0.424023
0.00208	-0.620263
0.00216	-0.620263
0.00224	-0.620263
0.00232	-0.620263
0.0024	-0.816503
0.00248	-1.01274
0.00256	-1.01274
0.00264	-1.01274
0.00272	-0.816503
0.0028	-0.816503
0.00288	-0.816503
0.00296	-1.01274
0.00304	-1.40522
0.00312	-1.40522
0.0032	-1.40522
0.00328	-1.40522
0.00336	-1.40522
0.00344	-1.40522
0.00352	-1.40522
0.0036	-1.60146
0.00368	-1.60146
0.00376	-1.7977
0.00384	-1.99394
0.00392	-1.99394
0.004	-2.19018
0.00408	-2.19018
0.00416	-2.19018
0.00424	-2.38642
0.00432	-2.58266
0.0044	-2.7789
0.00448	-2.97514
0.00456	-2.97514
0.00464	-2.7789
0.00472	-2.7789
0.0048	-2.7789
0.00488	-2.97514
0.00496	-2.97514
0.00504	-3.17138
0.00512	-2.97514
0.0052	-2.97514
0.00528	-2.97514
0.00536	-3.17138
0.00544	-3.17138
0.00552	-3.17138
0.0056	-3.17138
0.00568	-3.17138
0.00576	-3.17138
0.00584	-2.97514
0.00592	-2.97514
0.006	-2.97514
0.00608	-2.97514
0.00616	-2.97514
0.00624	-2.97514
0.00632	-2.7789
0.0064	-2.58266
0.00648	-2.7789
0.00656	-2.7789
0.00664	-3.17138
0.00672	-3.36762
0.0068	-3.36762
0.00688	-2.97514
0.00696	-2.97514
0.00704	-3.17138
0.00712	-3.36762
0.0072	-3.56386
0.00728	-3.56386
0.00736	-3.56386
0.00744	-3.56386
0.00752	-3.7601
0.0076	-3.95634
0.00768	-4.15258
0.00776	-4.34882
0.00784	-4.34882
0.00792	-4.34882
0.008	-4.54506
0.00808	-4.93754
0.00816	-4.93754
0.00824	-5.13378
0.00832	-5.13378
0.0084	-4.7413
0.00848	-4.93754
0.00856	-5.13378
0.00864	-5.13378
0.00872	-4.93754
0.0088	-4.54506
0.00888	-4.54506
0.00896	-4.7413
0.00904	-4.54506
0.00912	-3.95634
0.0092	-3.7601
0.00928	-4.34882
0.00936	-4.7413
0.00944	-4.54506
0.00952	-4.54506
0.0096	-5.52626
0.00968	-6.11498
0.00976	-5.33002
0.00984	-4.93754
0.00992	-5.33002
0.01	-6.11498
0.01008	-6.31122
0.01016	-5.52626
0.01024	-4.7413
0.01032	-4.54506
0.0104	-4.93754
0.01048	-5.33002
0.01056	-5.33002
0.01064	-5.13378
0.01072	-4.54506
0.0108	-4.7413
0.01088	-5.33002
0.01096	-6.31122
0.01104	-6.89994
0.01112	-6.31122
0.0112	-5.91874
0.01128	-6.31122
0.01136	-6.89994
0.01144	-7.09618
0.01152	-6.50746
0.0116	-5.91874
0.01168	-5.7225
0.01176	-6.31122
0.01184	-7.29242
0.01192	-7.48866
0.012	-6.89994
0.01208	-6.50746
0.01216	-6.7037
0.01224	-6.89994
0.01232	-7.29242
0.0124	-7.6849
0.01248	-8.07738
0.01256	-8.6661
0.01264	-8.86234
0.01272	-8.86234
0.0128	-8.6661
0.01288	-8.46986
0.01296	-8.46986
0.01304	-8.86234
0.01312	-9.05858
0.0132	-9.05858
0.01328	-8.27362
0.01336	-5.33002
0.01344	1.53838
0.01352	8.79926
0.0136	7.81806
0.01368	-3.7601
0.01376	-14.3571
0.01384	-9.05858
0.01392	7.81806
0.014	16.4526
0.01408	8.9955
0.01416	-3.17138
0.01424	-7.6849
0.01432	-5.52626
0.0144	-4.54506
0.01448	-8.46986
0.01456	-11.6097
0.01464	-9.6473
0.01472	-11.6097
0.0148	-28.2901
0.01488	-48.3066
0.01496	-44.1855
0.01504	-10.0398
0.01512	23.5173
0.0152	23.321
0.01528	-6.31122
0.01536	-32.2149
0.01544	-31.6262
0.01552	-13.7683
0.0156	-4.15258
0.01568	-10.4323
0.01576	-18.4781
0.01584	-17.1044
0.01592	-11.021
0.016	-7.29242
0.01608	-4.34882
0.01616	-1.7977
0.01624	-2.97514
0.01632	-12.3947
0.0164	-26.5239
0.01648	-30.4487
0.01656	-16.9082
0.01664	2.71582
0.01672	12.9203
0.0168	8.40678
0.01688	-4.93754
0.01696	-14.7495
0.01704	-10.8247
0.01712	3.30454
0.0172	15.2752
0.01728	18.415
0.01736	14.6865
0.01744	4.87446
0.01752	-9.6473
0.0176	-20.833
0.01768	-19.4593
0.01776	-8.07738
0.01784	1.1459
0.01792	2.1271
0.018	-1.40522
0.01808	-2.7789
0.01816	-1.40522
0.01824	-1.7977
0.01832	-5.33002
0.0184	-9.6473
0.01848	-12.1984
0.01856	-12.7871
0.01864	-12.3947
0.01872	-12.0022
0.0188	-15.7307
0.01888	-27.1127
0.01896	-40.0645
0.01904	-42.6156
0.01912	-31.6262
0.0192	-18.2819
0.01928	-15.142
0.01936	-25.1503
0.01944	-37.5134
0.01952	-39.4758
0.0196	-32.2149
0.01968	-25.9352
0.01976	-24.5615
0.01984	-23.3841
0.01992	-21.2255
0.02	-22.9916
0.02008	-29.4675
0.02016	-34.5698
0.02024	-30.645
0.02032	-18.8706
0.0204	-13.1796
0.02048	-21.6179
0.02056	-34.1773
0.02064	-38.2983
0.02072	-34.5698
0.0208	-31.2337
0.02088	-33.1961
0.02096	-38.8871
0.02104	-41.2419
0.02112	-35.3547
0.0212	-24.7578
0.02128	-16.9082
0.02136	-15.5345
0.02144	-19.2631
0.02152	-24.3653
0.0216	-28.6826
0.02168	-30.645
0.02176	-29.6638
0.02184	-26.1315
0.02192	-21.4217
0.022	-19.6555
0.02208	-22.2067
0.02216	-25.5427
0.02224	-22.0104
0.02232	-11.4135
0.0224	-2.19018
0.02248	-1.40522
0.02256	-8.46986
0.02264	-17.1044
0.02272	-21.4217
0.0228	-21.0292
0.02288	-18.8706
0.02296	-16.3195
0.02304	-13.7683
0.02312	-11.4135
0.0232	-9.25482
0.02328	-8.6661
0.02336	-12.0022
0.02344	-17.3007
0.02352	-19.8518
0.0236	-18.4781
0.02368	-17.1044
0.02376	-17.8894
0.02384	-19.6555
0.02392	-18.8706
0.024	-14.3571
0.02408	-8.6661
0.02416	-6.11498
0.02424	-9.25482
0.02432	-15.927
0.0244	-20.833
0.02448	-20.833
0.02456	-17.1044
0.02464	-13.1796
0.02472	-13.7683
0.0248	-19.0668
0.02488	-24.3653
0.02496	-24.3653
0.02504	-19.4593
0.02512	-13.5721
0.0252	-10.6285
0.02528	-11.6097
0.02536	-12.5909
0.02544	-10.8247
0.02552	-7.88114
0.0256	-8.07738
0.02568	-11.4135
0.02576	-14.5533
0.02584	-15.5345
0.02592	-14.9458
0.026	-15.142
0.02608	-16.9082
0.02616	-17.6931
0.02624	-15.5345
0.02632	-11.8059
0.0264	-8.6661
0.02648	-7.09618
0.02656	-7.6849
0.02664	-10.236
0.02672	-12.5909
0.0268	-13.3759
0.02688	-12.0022
0.02696	-9.45106
0.02704	-7.6849
0.02712	-8.07738
0.0272	-10.6285
0.02728	-13.9646
0.02736	-16.1232
0.02744	-16.1232
0.02752	-15.927
0.0276	-18.6743
0.02768	-23.1879
0.02776	-25.3465
0.02784	-24.1691
0.02792	-21.4217
0.028	-19.4593
0.02808	-18.0856
0.02816	-17.4969
0.02824	-17.6931
0.02832	-18.4781
0.0284	-18.4781
0.02848	-17.1044
0.02856	-16.1232
0.02864	-16.7119
0.02872	-17.4969
0.0288	-16.7119
0.02888	-14.7495
0.02896	-14.1608
0.02904	-16.5157
0.02912	-20.4405
0.0292	-22.0104
0.02928	-19.4593
0.02936	-13.9646
0.02944	-9.25482
0.02952	-8.27362
0.0296	-10.4323
0.02968	-13.1796
0.02976	-14.1608
0.02984	-13.5721
0.02992	-12.9834
0.03	-12.5909
0.03008	-12.1984
0.03016	-12.5909
0.03024	-12.7871
0.03032	-12.3947
0.0304	-12.0022
0.03048	-12.3947
0.03056	-12.7871
0.03064	-12.1984
0.03072	-11.6097
0.0308	-12.0022
0.03088	-12.0022
0.03096	-11.2172
0.03104	-11.021
0.03112	-14.1608
0.0312	-18.8706
0.03128	-22.2067
0.03136	-22.9916
0.03144	-22.7954
0.03152	-22.7954
0.0316	-24.3653
0.03168	-26.9164
0.03176	-27.7014
0.03184	-24.5615
0.03192	-18.0856
0.032	-12.0022
0.03208	-10.4323
0.03216	-13.7683
0.03224	-18.6743
0.03232	-21.8142
0.0324	-22.7954
0.03248	-23.7766
0.03256	-25.3465
0.03264	-26.5239
0.03272	-26.5239
0.0328	-25.1503
0.03288	-22.5991
0.03296	-19.8518
0.03304	-18.2819
0.03312	-18.0856
0.0332	-17.8894
0.03328	-17.1044
0.03336	-16.1232
0.03344	-14.5533
0.03352	-12.3947
0.0336	-11.8059
0.03368	-15.142
0.03376	-19.8518
0.03384	-21.0292
0.03392	-16.9082
0.034	-12.5909
0.03408	-12.5909
0.03416	-15.927
0.03424	-18.6743
0.03432	-18.2819
0.0344	-15.142
0.03448	-11.021
0.03456	-8.86234
0.03464	-11.021
0.03472	-16.9082
0.0348	-22.4029
0.03488	-23.3841
0.03496	-19.6555
0.03504	-14.9458
0.03512	-13.9646
0.0352	-17.8894
0.03528	-23.1879
0.03536	-24.7578
0.03544	-20.6367
0.03552	-15.142
0.0356	-12.9834
0.03568	-16.3195
0.03576	-23.5803
0.03584	-31.4299
0.03592	-35.3547
0.036	-34.5698
0.03608	-30.645
0.03616	-27.3089
0.03624	-27.8976
0.03632	-30.645
0.0364	-31.6262
0.03648	-28.6826
0.03656	-23.9728
0.03664	-21.8142
0.03672	-21.6179
0.0368	-22.5991
0.03688	-24.3653
0.03696	-26.1315
0.03704	-27.3089
0.03712	-26.3277
0.0372	-24.1691
0.03728	-22.9916
0.03736	-23.7766
0.03744	-25.1503
0.03752	-25.3465
0.0376	-23.5803
0.03768	-21.6179
0.03776	-20.4405
0.03784	-19.6555
0.03792	-19.6555
0.038	-21.0292
0.03808	-22.7954
0.03816	-22.0104
0.03824	-18.6743
0.03832	-15.3383
0.0384	-14.5533
0.03848	-14.5533
0.03856	-13.5721
0.03864	-12.3947
0.03872	-13.1796
0.0388	-15.142
0.03888	-16.5157
0.03896	-16.5157
0.03904	-16.7119
0.03912	-18.0856
0.0392	-21.2255
0.03928	-23.1879
0.03936	-22.5991
0.03944	-20.833
0.03952	-19.6555
0.0396	-18.2819
0.03968	-16.3195
0.03976	-14.3571
0.03984	-12.7871
0.03992	-11.6097
0.04	-11.2172
0.04008	-12.0022
0.04016	-13.5721
0.04024	-15.7307
0.04032	-17.8894
0.0404	-19.4593
0.04048	-19.6555
0.04056	-19.8518
0.04064	-21.0292
0.04072	-21.6179
0.0408	-20.6367
0.04088	-19.0668
0.04096	-18.0856
0.04104	-17.4969
0.04112	-16.9082
0.0412	-16.5157
0.04128	-16.3195
0.04136	-17.3007
0.04144	-19.8518
0.04152	-22.9916
0.0416	-24.954
0.04168	-24.5615
0.04176	-20.833
0.04184	-15.3383
0.04192	-11.021
0.042	-10.236
0.04208	-12.3947
0.04216	-15.142
0.04224	-18.2819
0.04232	-20.833
0.0424	-21.0292
0.04248	-18.8706
0.04256	-16.7119
0.04264	-15.927
0.04272	-16.7119
0.0428	-17.4969
0.04288	-18.4781
0.04296	-20.4405
0.04304	-23.3841
0.04312	-25.1503
0.0432	-24.954
0.04328	-23.3841
0.04336	-21.6179
0.04344	-21.0292
0.04352	-21.4217
0.0436	-21.8142
0.04368	-21.6179
0.04376	-21.2255
0.04384	-20.6367
0.04392	-21.8142
0.044	-25.739
0.04408	-31.4299
0.04416	-34.766
0.04424	-34.5698
0.04432	-32.8036
0.0444	-30.8412
0.04448	-28.6826
0.04456	-24.5615
0.04464	-17.3007
0.04472	-10.8247
0.0448	-10.0398
0.04488	-13.1796
0.04496	-16.7119
0.04504	-22.0104
0.04512	-31.2337
0.0452	-40.6532
0.04528	-46.3442
0.04536	-50.269
0.04544	-54.7825
0.04552	-55.5675
0.0456	-47.3254
0.04568	-33.9811
0.04576	-24.3653
0.04584	-23.9728
0.04592	-28.6826
0.046	-31.2337
0.04608	-27.7014
0.04616	-20.6367
0.04624	-16.9082
0.04632	-21.2255
0.0464	-31.4299
0.04648	-41.4382
0.04656	-45.7555
0.04664	-42.8119
0.04672	-35.9435
0.0468	-30.645
0.04688	-28.4863
0.04696	-28.0939
0.04704	-27.1127
0.04712	-24.954
0.0472	-21.4217
0.04728	-17.4969
0.04736	-14.3571
0.04744	-13.1796
0.04752	-15.142
0.0476	-20.4405
0.04768	-25.5427
0.04776	-27.7014
0.04784	-28.6826
0.04792	-30.8412
0.048	-33.9811
0.04808	-36.1397
0.04816	-35.551
0.04824	-30.4487
0.04832	-21.8142
0.0484	-15.7307
0.04848	-18.8706
0.04856	-29.2713
0.04864	-36.7284
0.04872	-32.9999
0.0488	-20.833
0.04888	-9.84354
0.04896	-6.50746
0.04904	-11.2172
0.04912	-18.6743
0.0492	-23.5803
0.04928	-24.5615
0.04936	-24.5615
0.04944	-26.9164
0.04952	-31.4299
0.0496	-34.766
0.04968	-34.3735
0.04976	-30.2525
0.04984	-24.5615
0.04992	-18.4781
0.05	-13.1796
0.05008	-10.6285
0.05016	-11.6097
0.05024	-14.9458
0.05032	-17.6931
0.0504	-18.2819
0.05048	-17.6931
0.05056	-16.5157
0.05064	-14.9458
0.05072	-12.9834
0.0508	-12.0022
0.05088	-12.5909
0.05096	-14.1608
0.05104	-15.5345
0.05112	-16.7119
0.0512	-18.8706
0.05128	-21.2255
0.05136	-20.6367
0.05144	-16.1232
0.05152	-10.8247
0.0516	-8.07738
0.05168	-8.6661
0.05176	-10.8247
0.05184	-12.5909
0.05192	-13.3759
0.052	-13.1796
0.05208	-12.9834
0.05216	-13.1796
0.05224	-13.1796
0.05232	-13.9646
0.0524	-16.1232
0.05248	-18.2819
0.05256	-18.2819
0.05264	-16.1232
0.05272	-13.1796
0.0528	-11.4135
0.05288	-11.4135
0.05296	-12.9834
0.05304	-15.142
0.05312	-16.5157
0.0532	-15.7307
0.05328	-13.5721
0.05336	-13.3759
0.05344	-17.6931
0.05352	-23.5803
0.0536	-25.9352
0.05368	-23.1879
0.05376	-19.6555
0.05384	-19.4593
0.05392	-22.5991
0.054	-26.7202
0.05408	-29.2713
0.05416	-29.2713
0.05424	-25.9352
0.05432	-20.833
0.0544	-16.7119
0.05448	-15.3383
0.05456	-16.3195
0.05464	-16.9082
0.05472	-14.5533
0.0548	-11.021
0.05488	-10.4323
0.05496	-13.1796
0.05504	-16.9082
0.05512	-19.0668
0.0552	-19.4593
0.05528	-17.3007
0.05536	-14.3571
0.05544	-13.9646
0.05552	-17.1044
0.0556	-20.2443
0.05568	-20.048
0.05576	-16.5157
0.05584	-12.5909
0.05592	-11.021
0.056	-11.6097
0.05608	-12.7871
0.05616	-13.3759
0.05624	-13.9646
0.05632	-14.3571
0.0564	-15.142
0.05648	-15.5345
0.05656	-15.7307
0.05664	-16.7119
0.05672	-17.8894
0.0568	-17.8894
0.05688	-16.5157
0.05696	-15.5345
0.05704	-16.5157
0.05712	-18.6743
0.0572	-20.4405
0.05728	-20.6367
0.05736	-19.8518
0.05744	-18.0856
0.05752	-15.927
0.0576	-14.5533
0.05768	-14.3571
0.05776	-15.3383
0.05784	-16.1232
0.05792	-16.9082
0.058	-18.0856
0.05808	-20.048
0.05816	-22.5991
0.05824	-24.7578
0.05832	-26.1315
0.0584	-26.7202
0.05848	-26.3277
0.05856	-24.954
0.05864	-22.9916
0.05872	-22.2067
0.0588	-22.4029
0.05888	-23.3841
0.05896	-24.3653
0.05904	-26.1315
0.05912	-28.4863
0.0592	-29.2713
0.05928	-27.5051
0.05936	-24.954
0.05944	-23.7766
0.05952	-23.9728
0.0596	-24.1691
0.05968	-23.3841
0.05976	-22.7954
0.05984	-22.4029
0.05992	-22.5991
0.06	-23.1879
0.06008	-24.1691
0.06016	-24.954
0.06024	-25.1503
0.06032	-24.5615
0.0604	-24.1691
0.06048	-24.3653
0.06056	-24.954
0.06064	-25.1503
0.06072	-23.7766
0.0608	-21.0292
0.06088	-17.6931
0.06096	-15.142
0.06104	-15.7307
0.06112	-19.0668
0.0612	-23.1879
0.06128	-25.1503
0.06136	-24.3653
0.06144	-21.8142
0.06152	-19.2631
0.0616	-18.2819
0.06168	-19.0668
0.06176	-20.2443
0.06184	-20.048
0.06192	-17.6931
0.062	-15.927
0.06208	-16.1232
0.06216	-17.4969
0.06224	-18.6743
0.06232	-18.6743
0.0624	-17.6931
0.06248	-16.1232
0.06256	-14.7495
0.06264	-14.1608
0.06272	-14.7495
0.0628	-15.142
0.06288	-14.3571
0.06296	-12.9834
0.06304	-13.5721
0.06312	-15.5345
0.0632	-17.3007
0.06328	-17.3007
0.06336	-16.5157
0.06344	-15.5345
0.06352	-14.7495
0.0636	-14.5533
0.06368	-15.927
0.06376	-17.4969
0.06384	-17.8894
0.06392	-17.4969
0.064	-17.6931
0.06408	-18.2819
0.06416	-18.4781
0.06424	-18.2819
0.06432	-18.8706
0.0644	-20.048
0.06448	-18.8706
0.06456	-14.9458
0.06464	-11.6097
0.06472	-12.1984
0.0648	-16.3195
0.06488	-20.6367
0.06496	-20.6367
0.06504	-15.7307
0.06512	-12.3947
0.0652	-15.142
0.06528	-20.6367
0.06536	-22.2067
0.06544	-18.6743
0.06552	-14.1608
0.0656	-14.7495
0.06568	-21.2255
0.06576	-27.5051
0.06584	-26.9164
0.06592	-21.0292
0.066	-16.5157
0.06608	-17.4969
0.06616	-21.6179
0.06624	-25.739
0.06632	-27.1127
0.0664	-23.7766
0.06648	-17.1044
0.06656	-12.3947
0.06664	-12.5909
0.06672	-17.1044
0.0668	-21.0292
0.06688	-21.2255
0.06696	-18.0856
0.06704	-15.7307
0.06712	-17.1044
0.0672	-21.8142
0.06728	-25.739
0.06736	-24.7578
0.06744	-19.8518
0.06752	-14.9458
0.0676	-13.1796
0.06768	-15.5345
0.06776	-19.6555
0.06784	-23.1879
0.06792	-24.7578
0.068	-23.7766
0.06808	-22.2067
0.06816	-23.9728
0.06824	-28.6826
0.06832	-31.6262
0.0684	-29.86
0.06848	-25.5427
0.06856	-22.9916
0.06864	-22.7954
0.06872	-23.1879
0.0688	-23.3841
0.06888	-23.7766
0.06896	-23.7766
0.06904	-22.4029
0.06912	-19.2631
0.0692	-16.3195
0.06928	-15.7307
0.06936	-17.6931
0.06944	-20.2443
0.06952	-21.0292
0.0696	-19.8518
0.06968	-16.9082
0.06976	-14.5533
0.06984	-14.1608
0.06992	-15.927
0.07	-17.6931
0.07008	-17.6931
0.07016	-15.927
0.07024	-14.7495
0.07032	-15.5345
0.0704	-17.3007
0.07048	-18.4781
0.07056	-18.0856
0.07064	-16.7119
0.07072	-15.3383
0.0708	-15.142
0.07088	-15.5345
0.07096	-15.7307
0.07104	-15.7307
0.07112	-17.1044
0.0712	-19.8518
0.07128	-21.4217
0.07136	-21.2255
0.07144	-19.6555
0.07152	-17.4969
0.0716	-16.7119
0.07168	-18.0856
0.07176	-19.6555
0.07184	-19.0668
0.07192	-17.3007
0.072	-16.7119
0.07208	-17.4969
0.07216	-17.8894
0.07224	-18.2819
0.07232	-18.0856
0.0724	-17.1044
0.07248	-16.3195
0.07256	-17.1044
0.07264	-18.2819
0.07272	-18.6743
0.0728	-18.4781
0.07288	-18.0856
0.07296	-17.1044
0.07304	-15.7307
0.07312	-14.9458
0.0732	-16.1232
0.07328	-18.6743
0.07336	-20.6367
0.07344	-20.2443
0.07352	-19.2631
0.0736	-19.4593
0.07368	-21.0292
0.07376	-20.833
0.07384	-18.2819
0.07392	-14.9458
0.074	-13.9646
0.07408	-15.3383
0.07416	-16.5157
0.07424	-16.5157
0.07432	-16.5157
0.0744	-18.0856
0.07448	-21.2255
0.07456	-24.954
0.07464	-27.3089
0.07472	-26.5239
0.0748	-22.0104
0.07488	-16.1232
0.07496	-14.5533
0.07504	-19.6555
0.07512	-25.9352
0.0752	-25.739
0.07528	-19.8518
0.07536	-15.3383
0.07544	-16.3195
0.07552	-20.4405
0.0756	-23.3841
0.07568	-22.0104
0.07576	-18.2819
0.07584	-16.9082
0.07592	-19.2631
0.076	-22.0104
0.07608	-22.5991
0.07616	-22.2067
0.07624	-20.833
0.07632	-19.4593
0.0764	-19.4593
0.07648	-18.6743
0.07656	-15.5345
0.07664	-12.7871
0.07672	-13.1796
0.0768	-16.9082
0.07688	-20.048
0.07696	-18.8706
0.07704	-12.9834
0.07712	-8.07738
0.0772	-8.46986
0.07728	-12.5909
0.07736	-17.1044
0.07744	-19.2631
0.07752	-17.8894
0.0776	-14.3571
0.07768	-12.7871
0.07776	-14.3571
0.07784	-16.3195
0.07792	-16.3195
0.078	-14.5533
0.07808	-12.9834
0.07816	-13.1796
0.07824	-14.7495
0.07832	-15.142
0.0784	-14.7495
0.07848	-15.3383
0.07856	-17.3007
0.07864	-18.4781
0.07872	-17.3007
0.0788	-14.1608
0.07888	-11.4135
0.07896	-11.021
0.07904	-13.9646
0.07912	-17.4969
0.0792	-17.8894
0.07928	-14.7495
0.07936	-11.6097
0.07944	-11.6097
0.07952	-14.9458
0.0796	-18.2819
0.07968	-17.3007
0.07976	-13.7683
0.07984	-10.6285
0.07992	-11.021
0.08	-14.1608
0.08008	-17.4969
0.08016	-18.8706
0.08024	-16.9082
0.08032	-13.5721
0.0804	-11.8059
0.08048	-11.8059
0.08056	-13.7683
0.08064	-15.927
0.08072	-14.5533
0.0808	-10.4323
0.08088	-8.86234
0.08096	-12.5909
0.08104	-16.7119
0.08112	-17.3007
0.0812	-15.3383
0.08128	-14.7495
0.08136	-15.3383
0.08144	-15.3383
0.08152	-14.1608
0.0816	-13.7683
0.08168	-14.9458
0.08176	-15.5345
0.08184	-13.7683
0.08192	-11.6097
0.082	-11.2172
0.08208	-13.3759
0.08216	-16.1232
0.08224	-17.3007
0.08232	-15.927
0.0824	-13.1796
0.08248	-12.3947
0.08256	-13.7683
0.08264	-14.9458
0.08272	-13.1796
0.0828	-9.84354
0.08288	-8.46986
0.08296	-10.236
0.08304	-12.7871
0.08312	-13.3759
0.0832	-12.3947
0.08328	-12.1984
0.08336	-13.3759
0.08344	-14.5533
0.08352	-15.3383
0.0836	-14.7495
0.08368	-13.5721
0.08376	-12.3947
0.08384	-12.0022
0.08392	-11.8059
0.084	-11.021
0.08408	-9.84354
0.08416	-8.86234
0.08424	-8.6661
0.08432	-9.84354
0.0844	-11.8059
0.08448	-13.5721
0.08456	-14.7495
0.08464	-15.142
0.08472	-15.7307
0.0848	-15.927
0.08488	-15.3383
0.08496	-13.5721
0.08504	-11.2172
0.08512	-10.0398
0.0852	-10.8247
0.08528	-12.7871
0.08536	-14.1608
0.08544	-13.5721
0.08552	-11.6097
0.0856	-10.236
0.08568	-10.4323
0.08576	-11.6097
0.08584	-12.5909
0.08592	-12.1984
0.086	-10.6285
0.08608	-9.25482
0.08616	-8.07738
0.08624	-7.09618
0.08632	-6.31122
0.0864	-6.7037
0.08648	-8.27362
0.08656	-10.236
0.08664	-11.6097
0.08672	-12.0022
0.0868	-11.8059
0.08688	-11.021
0.08696	-9.84354
0.08704	-8.07738
0.08712	-6.50746
0.0872	-5.33002
0.08728	-5.33002
0.08736	-5.91874
0.08744	-6.31122
0.08752	-6.11498
0.0876	-6.11498
0.08768	-7.29242
0.08776	-9.45106
0.08784	-11.2172
0.08792	-10.8247
0.088	-8.86234
0.08808	-6.89994
0.08816	-6.50746
0.08824	-7.88114
0.08832	-9.45106
0.0884	-9.84354
0.08848	-8.86234
0.08856	-7.6849
0.08864	-7.48866
0.08872	-8.6661
0.0888	-9.84354
0.08888	-10.8247
0.08896	-11.021
0.08904	-10.6285
0.08912	-10.0398
0.0892	-9.6473
0.08928	-10.4323
0.08936	-11.8059
0.08944	-12.3947
0.08952	-11.6097
0.0896	-10.236
0.08968	-9.84354
0.08976	-9.84354
0.08984	-10.0398
0.08992	-9.6473
0.09	-8.6661
0.09008	-7.88114
0.09016	-7.6849
0.09024	-9.05858
0.09032	-10.8247
0.0904	-11.2172
0.09048	-10.236
0.09056	-9.05858
0.09064	-9.05858
0.09072	-10.0398
0.0908	-10.8247
0.09088	-10.4323
0.09096	-8.86234
0.09104	-7.88114
0.09112	-9.05858
0.0912	-12.1984
0.09128	-14.3571
0.09136	-13.9646
0.09144	-11.4135
0.09152	-8.86234
0.0916	-7.6849
0.09168	-8.6661
0.09176	-10.236
0.09184	-11.2172
0.09192	-10.236
0.092	-8.27362
0.09208	-6.7037
0.09216	-6.50746
0.09224	-7.88114
0.09232	-9.6473
0.0924	-10.0398
0.09248	-8.86234
0.09256	-6.31122
0.09264	-4.34882
0.09272	-3.56386
0.0928	-3.36762
0.09288	-4.7413
0.09296	-8.27362
0.09304	-12.3947
0.09312	-13.7683
0.0932	-11.4135
0.09328	-8.07738
0.09336	-6.50746
0.09344	-7.09618
0.09352	-7.6849
0.0936	-6.89994
0.09368	-6.11498
0.09376	-6.89994
0.09384	-8.86234
0.09392	-9.6473
0.094	-8.27362
0.09408	-6.50746
0.09416	-5.91874
0.09424	-7.29242
0.09432	-8.6661
0.0944	-8.6661
0.09448	-6.7037
0.09456	-3.95634
0.09464	-1.60146
0.09472	-2.19018
0.0948	-5.13378
0.09488	-7.6849
0.09496	-6.7037
0.09504	-3.36762
0.09512	-1.01274
0.0952	-2.19018
0.09528	-6.31122
0.09536	-10.8247
0.09544	-13.1796
0.09552	-13.7683
0.0956	-13.1796
0.09568	-12.0022
0.09576	-11.021
0.09584	-10.4323
0.09592	-9.45106
0.096	-8.6661
0.09608	-9.45106
0.09616	-11.4135
0.09624	-13.1796
0.09632	-13.1796
0.0964	-11.6097
0.09648	-9.45106
0.09656	-8.46986
0.09664	-9.84354
0.09672	-12.3947
0.0968	-13.3759
0.09688	-12.0022
0.09696	-10.4323
0.09704	-11.4135
0.09712	-14.1608
0.0972	-15.142
0.09728	-12.5909
0.09736	-8.86234
0.09744	-7.29242
0.09752	-9.05858
0.0976	-11.8059
0.09768	-13.3759
0.09776	-13.3759
0.09784	-13.3759
0.09792	-14.3571
0.098	-16.5157
0.09808	-18.2819
0.09816	-17.1044
0.09824	-12.5909
0.09832	-7.6849
0.0984	-5.13378
0.09848	-4.93754
0.09856	-5.33002
0.09864	-4.54506
0.09872	-4.34882
0.0988	-7.09618
0.09888	-12.0022
0.09896	-15.3383
0.09904	-14.7495
0.09912	-12.3947
0.0992	-10.8247
0.09928	-11.4135
0.09936	-13.1796
0.09944	-13.9646
0.09952	-12.3947
0.0996	-8.07738
0.09968	-3.56386
0.09976	-2.19018
0.09984	-4.7413
0.09992	-8.07738
0.1	-8.46986
0.10008	-6.31122
0.10016	-4.54506
0.10024	-5.33002
0.10032	-7.6849
0.1004	-9.84354
0.10048	-11.2172
0.10056	-11.6097
0.10064	-10.4323
0.10072	-8.27362
0.1008	-7.09618
0.10088	-7.48866
0.10096	-9.05858
0.10104	-10.4323
0.10112	-10.236
0.1012	-7.6849
0.10128	-4.34882
0.10136	-2.7789
0.10144	-5.33002
0.10152	-11.021
0.1016	-15.927
0.10168	-16.1232
0.10176	-11.021
0.10184	-4.34882
0.10192	-0.227783
0.102	-0.227783
0.10208	-3.17138
0.10216	-6.50746
0.10224	-8.46986
0.10232	-8.86234
0.1024	-8.86234
0.10248	-9.25482
0.10256	-10.236
0.10264	-11.021
0.10272	-10.6285
0.1028	-8.27362
0.10288	-5.33002
0.10296	-3.36762
0.10304	-3.36762
0.10312	-4.54506
0.1032	-5.13378
0.10328	-5.52626
0.10336	-6.7037
0.10344	-8.6661
0.10352	-10.8247
0.1036	-10.8247
0.10368	-8.46986
0.10376	-4.93754
0.10384	-2.38642
0.10392	-1.40522
0.104	-1.7977
0.10408	-2.7789
0.10416	-4.15258
0.10424	-5.52626
0.10432	-6.7037
0.1044	-7.48866
0.10448	-8.07738
0.10456	-8.46986
0.10464	-8.6661
0.10472	-7.88114
0.1048	-6.31122
0.10488	-3.7601
0.10496	-1.99394
0.10504	-2.58266
0.10512	-6.31122
0.1052	-11.2172
0.10528	-14.9458
0.10536	-15.5345
0.10544	-12.5909
0.10552	-8.27362
0.1056	-4.7413
0.10568	-3.17138
0.10576	-2.58266
0.10584	-1.99394
0.10592	-1.40522
0.106	-1.01274
0.10608	-1.60146
0.10616	-3.17138
0.10624	-4.93754
0.10632	-6.50746
0.1064	-7.48866
0.10648	-7.88114
0.10656	-7.29242
0.10664	-5.33002
0.10672	-3.17138
0.1068	-2.7789
0.10688	-3.95634
0.10696	-4.7413
0.10704	-4.34882
0.10712	-3.17138
0.1072	-3.17138
0.10728	-5.13378
0.10736	-7.29242
0.10744	-6.89994
0.10752	-3.56386
0.1076	0.164697
0.10768	1.73462
0.10776	0.949657
0.10784	-0.816503
0.10792	-1.20898
0.108	-0.227783
0.10808	1.1459
0.10816	1.34214
0.10824	-0.816503
0.10832	-4.54506
0.1084	-7.88114
0.10848	-8.6661
0.10856	-6.89994
0.10864	-3.95634
0.10872	-2.19018
0.1088	-2.38642
0.10888	-3.56386
0.10896	-3.56386
0.10904	-1.20898
0.10912	1.73462
0.1092	3.50078
0.10928	2.91206
0.10936	1.34214
0.10944	-0.227783
0.10952	-1.40522
0.1096	-1.40522
0.10968	-0.620263
0.10976	0.557177
0.10984	1.34214
0.10992	0.949657
0.11	-0.227783
0.11008	-1.40522
0.11016	-1.99394
0.11024	-1.60146
0.11032	-0.227783
0.1104	1.1459
0.11048	1.1459
0.11056	-0.0315428
0.11064	-1.40522
0.11072	-1.40522
0.1108	-0.424023
0.11088	0.557177
0.11096	0.949657
0.11104	0.557177
0.11112	0.164697
0.1112	0.164697
0.11128	0.949657
0.11136	1.34214
0.11144	0.557177
0.11152	-1.60146
0.1116	-3.95634
0.11168	-5.33002
0.11176	-5.33002
0.11184	-4.34882
0.11192	-2.58266
0.112	-0.620263
0.11208	0.753417
0.11216	0.949657
0.11224	0.164697
0.11232	-1.01274
0.1124	-1.60146
0.11248	-2.38642
0.11256	-3.17138
0.11264	-4.34882
0.11272	-5.13378
0.1128	-5.33002
0.11288	-5.33002
0.11296	-4.54506
0.11304	-3.36762
0.11312	-2.58266
0.1132	-2.19018
0.11328	-2.19018
0.11336	-2.97514
0.11344	-4.34882
0.11352	-5.52626
0.1136	-5.7225
0.11368	-4.93754
0.11376	-3.7601
0.11384	-2.97514
0.11392	-2.38642
0.114	-1.60146
0.11408	-1.01274
0.11416	-0.816503
0.11424	-1.40522
0.11432	-2.19018
0.1144	-2.58266
0.11448	-2.58266
0.11456	-2.58266
0.11464	-2.97514
0.11472	-3.56386
0.1148	-3.7601
0.11488	-3.17138
0.11496	-1.7977
0.11504	-1.01274
0.11512	-1.40522
0.1152	-2.97514
0.11528	-4.7413
0.11536	-4.7413
0.11544	-2.97514
0.11552	-0.816503
0.1156	0.164697
0.11568	-0.620263
0.11576	-1.60146
0.11584	-1.99394
0.11592	-1.40522
0.116	-1.20898
0.11608	-1.60146
0.11616	-2.58266
0.11624	-3.36762
0.11632	-3.17138
0.1164	-2.19018
0.11648	-1.01274
0.11656	-0.620263
0.11664	-0.816503
0.11672	-1.99394
0.1168	-2.97514
0.11688	-3.17138
0.11696	-2.7789
0.11704	-2.38642
0.11712	-2.19018
0.1172	-2.19018
0.11728	-1.40522
0.11736	0.164697
0.11744	2.1271
0.11752	3.30454
0.1176	3.69702
0.11768	2.91206
0.11776	1.53838
0.11784	0.164697
0.11792	-0.620263
0.118	-1.20898
0.11808	-1.60146
0.11816	-2.19018
0.11824	-3.17138
0.11832	-3.7601
0.1184	-3.56386
0.11848	-2.7789
0.11856	-1.99394
0.11864	-1.40522
0.11872	-1.20898
0.1188	-0.816503
0.11888	-0.0315428
0.11896	0.949657
0.11904	1.53838
0.11912	0.949657
0.1192	-0.424023
0.11928	-2.19018
0.11936	-2.97514
0.11944	-2.58266
0.11952	-1.60146
0.1196	-0.620263
0.11968	-0.424023
0.11976	-0.424023
0.11984	-0.424023
0.11992	0.360937
0.12	1.1459
0.12008	0.753417
0.12016	-0.620263
0.12024	-2.7789
0.12032	-4.15258
0.1204	-3.7601
0.12048	-2.58266
0.12056	-1.7977
0.12064	-1.7977
0.12072	-2.19018
0.1208	-2.38642
0.12088	-1.60146
0.12096	-0.227783
0.12104	0.753417
0.12112	0.949657
0.1212	0.557177
0.12128	-0.424023
0.12136	-1.40522
0.12144	-1.99394
0.12152	-1.99394
0.1216	-1.60146
0.12168	-0.816503
0.12176	-0.620263
0.12184	-1.01274
0.12192	-1.7977
0.122	-2.58266
0.12208	-2.38642
0.12216	-1.20898
0.12224	-0.227783
0.12232	-0.227783
0.1224	-1.20898
0.12248	-1.7977
0.12256	-1.60146
0.12264	-0.620263
0.12272	0.557177
0.1228	1.1459
0.12288	1.34214
0.12296	0.949657
0.12304	0.360937
0.12312	-0.0315428
0.1232	-0.0315428
0.12328	0.164697
0.12336	-0.0315428
0.12344	-0.620263
0.12352	-1.40522
0.1236	-1.99394
0.12368	-1.40522
0.12376	-0.227783
0.12384	1.1459
0.12392	2.1271
0.124	2.51958
0.12408	2.1271
0.12416	1.53838
0.12424	0.753417
0.12432	-0.0315428
0.1244	-0.816503
0.12448	-1.40522
0.12456	-1.20898
0.12464	-0.620263
0.12472	0.164697
0.1248	0.360937
0.12488	-0.0315428
0.12496	-0.424023
0.12504	-0.620263
0.12512	0.164697
0.1252	1.34214
0.12528	2.32334
0.12536	2.51958
0.12544	1.93086
0.12552	0.949657
0.1256	0.164697
0.12568	-0.424023
0.12576	-1.01274
0.12584	-1.7977
0.12592	-2.38642
0.126	-1.99394
0.12608	-1.01274
0.12616	-0.0315428
0.12624	0.753417
0.12632	1.53838
0.1264	2.32334
0.12648	2.51958
0.12656	2.32334
0.12664	1.53838
0.12672	0.949657
0.1268	0.557177
0.12688	0.164697
0.12696	-0.0315428
0.12704	-0.227783
0.12712	-0.227783
0.1272	-0.0315428
0.12728	0.753417
0.12736	1.34214
0.12744	1.53838
0.12752	1.34214
0.1276	1.1459
0.12768	0.949657
0.12776	1.1459
0.12784	1.73462
0.12792	1.73462
0.128	1.34214
0.12808	0.753417
0.12816	0.360937
0.12824	0.164697
0.12832	0.360937
0.1284	0.557177
0.12848	0.753417
0.12856	0.753417
0.12864	0.949657
0.12872	1.1459
0.1288	0.753417
0.12888	-0.0315428
0.12896	-0.424023
0.12904	-0.424023
0.12912	0.164697
0.1292	0.164697
0.12928	-0.227783
0.12936	-0.816503
0.12944	-1.01274
0.12952	-0.620263
0.1296	-0.0315428
0.12968	0.360937
0.12976	0.753417
0.12984	0.360937
0.12992	-0.424023
0.13	-1.01274
0.13008	-1.40522
0.13016	-1.40522
0.13024	-0.816503
0.13032	-0.424023
0.1304	-0.620263
0.13048	-1.01274
0.13056	-1.40522
0.13064	-1.40522
0.13072	-1.20898
0.1308	-1.01274
0.13088	-0.816503
0.13096	-0.424023
0.13104	-0.0315428
0.13112	0.164697
0.1312	0.164697
0.13128	0.164697
0.13136	-0.0315428
0.13144	-0.424023
0.13152	-0.816503
0.1316	-0.816503
0.13168	-1.01274
0.13176	-1.01274
0.13184	-1.01274
0.13192	-0.620263
0.132	0.164697
0.13208	0.360937
0.13216	-0.0315428
0.13224	-1.01274
0.13232	-1.40522
0.1324	-1.20898
0.13248	-0.424023
0.13256	-0.0315428
0.13264	-0.620263
0.13272	-1.60146
0.1328	-2.19018
0.13288	-1.60146
0.13296	-0.424023
0.13304	0.557177
0.13312	0.949657
0.1332	0.360937
0.13328	-0.620263
0.13336	-1.20898
0.13344	-1.20898
0.13352	-0.620263
0.1336	-0.0315428
0.13368	0.557177
0.13376	0.753417
0.13384	0.949657
0.13392	0.949657
0.134	0.753417
0.13408	0.557177
0.13416	0.164697
0.13424	-0.424023
0.13432	-0.816503
0.1344	-1.01274
0.13448	-1.40522
0.13456	-1.20898
0.13464	-0.816503
0.13472	-0.0315428
0.1348	0.753417
0.13488	1.1459
0.13496	0.557177
0.13504	-0.227783
0.13512	-0.620263
0.1352	-0.424023
0.13528	-0.227783
0.13536	-0.0315428
0.13544	0.164697
0.13552	0.360937
0.1356	0.360937
0.13568	-0.227783
0.13576	-0.620263
0.13584	-0.227783
0.13592	1.34214
0.136	2.71582
0.13608	2.51958
0.13616	1.53838
0.13624	0.360937
0.13632	0.164697
0.1364	0.360937
0.13648	0.557177
0.13656	0.360937
0.13664	-0.0315428
0.13672	-0.227783
0.1368	-0.0315428
0.13688	0.164697
0.13696	0.753417
0.13704	0.949657
0.13712	0.949657
0.1372	0.557177
0.13728	0.360937
0.13736	0.360937
0.13744	0.360937
0.13752	0.557177
0.1376	0.164697
0.13768	-0.227783
0.13776	-0.620263
0.13784	-0.620263
0.13792	-0.227783
0.138	0.164697
0.13808	0.557177
0.13816	0.360937
0.13824	0.360937
0.13832	0.557177
0.1384	0.753417
0.13848	1.1459
0.13856	1.1459
0.13864	0.753417
0.13872	-0.0315428
0.1388	-0.620263
0.13888	-0.816503
0.13896	-0.227783
0.13904	0.164697
0.13912	0.360937
0.1392	0.164697
0.13928	-0.0315428
0.13936	0.360937
0.13944	1.34214
0.13952	2.32334
0.1396	2.51958
0.13968	2.1271
0.13976	1.34214
0.13984	0.949657
0.13992	0.753417
0.14	0.557177
0.14008	-0.0315428
0.14016	-0.424023
0.14024	-0.424023
0.14032	0.164697
0.1404	0.557177
0.14048	1.1459
0.14056	1.53838
0.14064	1.93086
0.14072	2.1271
0.1408	1.93086
0.14088	1.73462
0.14096	0.949657
0.14104	0.557177
0.14112	0.360937
0.1412	0.753417
0.14128	0.949657
0.14136	0.949657
0.14144	0.557177
0.14152	0.753417
0.1416	1.34214
0.14168	1.93086
0.14176	2.1271
0.14184	2.1271
0.14192	1.53838
0.142	1.1459
0.14208	0.557177
0.14216	0.164697
0.14224	-0.0315428
0.14232	-0.0315428
0.1424	0.360937
0.14248	0.949657
0.14256	1.1459
0.14264	1.1459
0.14272	0.949657
0.1428	1.1459
0.14288	1.1459
0.14296	0.949657
0.14304	0.949657
0.14312	0.753417
0.1432	0.557177
0.14328	0.557177
0.14336	0.557177
0.14344	0.360937
0.14352	0.164697
0.1436	-0.0315428
0.14368	-0.0315428
0.14376	-0.0315428
0.14384	0.360937
0.14392	0.753417
0.144	0.949657
0.14408	0.949657
0.14416	0.360937
0.14424	0.164697
0.14432	0.360937
0.1444	0.557177
0.14448	0.557177
0.14456	0.753417
0.14464	0.557177
0.14472	0.360937
0.1448	0.164697
0.14488	-0.0315428
0.14496	-0.227783
0.14504	-0.227783
0.14512	-0.227783
0.1452	-0.0315428
0.14528	-0.0315428
0.14536	0.164697
0.14544	0.557177
0.14552	0.753417
0.1456	0.557177
0.14568	-0.0315428
0.14576	-0.227783
0.14584	-0.0315428
0.14592	0.164697
0.146	0.360937
0.14608	0.360937
0.14616	0.360937
0.14624	0.164697
0.14632	-0.0315428
0.1464	-0.0315428
0.14648	-0.0315428
0.14656	0.360937
0.14664	0.557177
0.14672	0.360937
0.1468	-0.0315428
0.14688	-0.424023
0.14696	-0.424023
0.14704	-0.620263
0.14712	-0.620263
0.1472	-0.424023
0.14728	-0.424023
0.14736	-0.0315428
0.14744	0.360937
0.14752	0.164697
0.1476	-0.0315428
0.14768	-0.424023
0.14776	-0.227783
0.14784	0.164697
0.14792	0.557177
0.148	0.557177
0.14808	0.360937
0.14816	0.164697
0.14824	-0.0315428
0.14832	0.164697
0.1484	0.164697
0.14848	0.164697
0.14856	-0.0315428
0.14864	-0.0315428
0.14872	-0.0315428
0.1488	0.164697
0.14888	0.164697
0.14896	0.164697
0.14904	0.164697
0.14912	0.164697
0.1492	0.557177
0.14928	0.753417
0.14936	0.753417
0.14944	0.360937
0.14952	-0.227783
0.1496	-0.424023
0.14968	-0.0315428
0.14976	0.753417
0.14984	1.34214
0.14992	1.53838
0.15	1.34214
0.15008	0.949657
0.15016	0.753417
0.15024	0.949657
0.15032	1.1459
0.1504	1.53838
0.15048	1.1459
0.15056	0.753417
0.15064	0.360937
0.15072	0.164697
0.1508	0.164697
0.15088	0.557177
0.15096	0.753417
0.15104	0.753417
0.15112	0.164697
0.1512	-0.227783
0.15128	-0.424023
0.15136	-0.227783
0.15144	0.164697
0.15152	0.164697
0.1516	0.164697
0.15168	-0.0315428
0.15176	0.164697
0.15184	0.164697
0.15192	0.164697
0.152	-0.0315428
0.15208	-0.227783
0.15216	-0.424023
0.15224	-0.227783
0.15232	-0.0315428
0.1524	-0.0315428
0.15248	0.164697
0.15256	0.360937
0.15264	0.360937
0.15272	0.557177
0.1528	0.753417
0.15288	1.1459
0.15296	1.34214
0.15304	1.34214
0.15312	0.949657
0.1532	0.557177
0.15328	0.557177
0.15336	0.949657
0.15344	1.1459
0.15352	1.34214
0.1536	1.1459
0.15368	0.949657
0.15376	0.949657
0.15384	1.1459
0.15392	1.53838
0.154	1.93086
0.15408	1.93086
0.15416	1.73462
0.15424	1.53838
0.15432	1.34214
0.1544	1.1459
0.15448	1.34214
0.15456	1.34214
0.15464	1.34214
0.15472	1.1459
0.1548	0.949657
0.15488	0.949657
0.15496	1.34214
0.15504	1.73462
0.15512	1.73462
0.1552	1.53838
0.15528	1.34214
0.15536	1.53838
0.15544	1.73462
0.15552	1.73462
0.1556	1.73462
0.15568	1.73462
0.15576	1.73462
0.15584	1.73462
0.15592	1.93086
0.156	2.32334
0.15608	2.32334
0.15616	2.1271
0.15624	1.53838
0.15632	1.34214
0.1564	1.53838
0.15648	2.1271
0.15656	2.1271
0.15664	2.1271
0.15672	1.73462
0.1568	1.34214
0.15688	1.1459
0.15696	1.1459
0.15704	1.53838
0.15712	1.73462
0.1572	1.73462
0.15728	1.53838
0.15736	1.53838
0.15744	1.73462
0.15752	1.53838
0.1576	1.53838
0.15768	1.1459
0.15776	0.949657
0.15784	0.949657
0.15792	1.34214
0.158	1.34214
0.15808	1.34214
0.15816	1.1459
0.15824	0.753417
0.15832	0.557177
0.1584	0.557177
0.15848	0.753417
0.15856	0.949657
0.15864	1.1459
0.15872	1.1459
0.1588	1.1459
0.15888	0.949657
0.15896	0.557177
0.15904	0.360937
0.15912	0.360937
0.1592	0.753417
0.15928	0.557177
0.15936	0.164697
0.15944	0.164697
0.15952	0.164697
0.1596	0.360937
0.15968	0.753417
0.15976	0.753417
0.15984	0.360937
0.15992	-0.0315428
0.16	-0.0315428
0.16008	0.164697
0.16016	0.360937
0.16024	0.360937
0.16032	0.360937
0.1604	0.164697
0.16048	-0.0315428
0.16056	-0.0315428
0.16064	0.360937
0.16072	0.557177
0.1608	0.753417
0.16088	0.753417
0.16096	0.360937
0.16104	0.360937
0.16112	0.753417
0.1612	0.949657
0.16128	0.753417
0.16136	0.557177
0.16144	0.360937
0.16152	0.164697
0.1616	0.360937
0.16168	0.753417
0.16176	1.34214
0.16184	1.53838
0.16192	1.34214
0.162	0.949657
0.16208	0.753417
0.16216	0.949657
0.16224	0.949657
0.16232	0.753417
0.1624	0.164697
0.16248	-0.0315428
0.16256	-0.0315428
0.16264	0.164697
0.16272	0.164697
0.1628	0.164697
0.16288	0.164697
0.16296	0.360937
0.16304	0.557177
0.16312	0.360937
0.1632	0.164697
0.16328	0.164697
0.16336	0.360937
0.16344	0.360937
0.16352	0.360937
0.1636	0.360937
0.16368	0.164697
0.16376	0.360937
0.16384	0.557177
0.16392	0.753417
0.164	1.1459
0.16408	1.1459
0.16416	0.949657
0.16424	0.557177
0.16432	0.557177
0.1644	0.557177
0.16448	0.753417
0.16456	0.753417
0.16464	0.753417
0.16472	0.360937
0.1648	-0.0315428
0.16488	-0.0315428
0.16496	0.360937
0.16504	0.949657
0.16512	1.1459
0.1652	1.1459
0.16528	0.753417
0.16536	0.557177
0.16544	0.557177
0.16552	0.753417
0.1656	0.949657
0.16568	0.949657
0.16576	0.753417
0.16584	0.557177
0.16592	0.557177
0.166	0.753417
0.16608	0.753417
0.16616	0.557177
0.16624	0.557177
0.16632	0.753417
0.1664	0.753417
0.16648	0.949657
0.16656	0.949657
0.16664	0.557177
0.16672	0.360937
0.1668	-0.0315428
0.16688	0.360937
0.16696	0.753417
0.16704	1.1459
0.16712	0.949657
0.1672	0.949657
0.16728	1.1459
0.16736	1.1459
0.16744	0.753417
0.16752	0.557177
0.1676	0.557177
0.16768	0.753417
0.16776	0.753417
0.16784	0.753417
0.16792	1.1459
0.168	0.949657
0.16808	0.164697
0.16816	-0.0315428
0.16824	0.164697
0.16832	0.360937
0.1684	0.557177
0.16848	0.753417
0.16856	0.557177
0.16864	0.360937
0.16872	0.557177
0.1688	0.949657
0.16888	1.1459
0.16896	1.1459
0.16904	0.753417
0.16912	0.360937
0.1692	0.164697
0.16928	0.360937
0.16936	0.753417
0.16944	0.949657
0.16952	1.1459
0.1696	1.1459
0.16968	1.34214
0.16976	1.1459
0.16984	0.949657
0.16992	0.557177
0.17	0.753417
0.17008	1.1459
0.17016	1.34214
0.17024	1.34214
0.17032	1.1459
0.1704	0.949657
0.17048	0.753417
0.17056	0.557177
0.17064	0.753417
0.17072	1.34214
0.1708	1.53838
0.17088	1.34214
0.17096	1.1459
0.17104	1.1459
0.17112	1.34214
0.1712	1.1459
0.17128	1.1459
0.17136	0.753417
0.17144	0.753417
0.17152	0.753417
0.1716	0.949657
0.17168	1.53838
0.17176	1.73462
0.17184	1.53838
0.17192	1.1459
0.172	0.753417
0.17208	0.949657
0.17216	1.34214
0.17224	1.73462
0.17232	1.93086
0.1724	1.73462
0.17248	1.73462
0.17256	1.73462
0.17264	1.53838
0.17272	1.1459
0.1728	0.949657
0.17288	0.557177
0.17296	0.557177
0.17304	0.557177
0.17312	0.557177
0.1732	0.949657
0.17328	1.1459
0.17336	1.34214
0.17344	1.1459
0.17352	0.949657
0.1736	0.949657
0.17368	1.1459
0.17376	1.73462
0.17384	1.73462
0.17392	1.53838
0.174	1.34214
0.17408	1.53838
0.17416	1.73462
0.17424	1.73462
0.17432	1.53838
0.1744	1.34214
0.17448	1.1459
0.17456	1.1459
0.17464	1.1459
0.17472	1.34214
0.1748	1.73462
0.17488	1.93086
0.17496	2.1271
0.17504	1.93086
0.17512	1.53838
0.1752	0.949657
0.17528	0.557177
0.17536	0.557177
0.17544	0.949657
0.17552	1.1459
0.1756	1.34214
0.17568	1.1459
0.17576	0.753417
0.17584	0.557177
0.17592	0.164697
0.176	0.360937
0.17608	0.753417
0.17616	0.753417
0.17624	0.949657
0.17632	0.753417
0.1764	0.949657
0.17648	1.1459
0.17656	0.949657
0.17664	0.557177
0.17672	0.164697
0.1768	-0.0315428
0.17688	-0.0315428
0.17696	0.164697
0.17704	0.360937
0.17712	0.360937
0.1772	0.164697
0.17728	0.360937
0.17736	0.753417
0.17744	0.949657
0.17752	0.949657
0.1776	0.753417
0.17768	0.557177
0.17776	0.753417
0.17784	0.753417
0.17792	0.557177
0.178	0.164697
0.17808	-0.227783
0.17816	-0.227783
0.17824	-0.0315428
0.17832	0.164697
0.1784	0.360937
0.17848	0.360937
0.17856	0.164697
0.17864	-0.0315428
0.17872	-0.0315428
0.1788	0.164697
0.17888	0.557177
0.17896	0.557177
0.17904	0.557177
0.17912	-0.0315428
0.1792	-0.424023
0.17928	-0.620263
0.17936	-0.424023
0.17944	-0.424023
0.17952	-0.0315428
0.1796	0.164697
0.17968	0.360937
0.17976	0.557177
0.17984	0.360937
0.17992	0.557177
0.18	0.557177
0.18008	0.753417
0.18016	0.753417
0.18024	0.557177
0.18032	0.164697
0.1804	0.164697
0.18048	0.164697
0.18056	0.164697
0.18064	0.164697
0.18072	-0.0315428
0.1808	-0.227783
0.18088	-0.424023
0.18096	-0.424023
0.18104	-0.227783
0.18112	-0.227783
0.1812	-0.227783
0.18128	-0.0315428
0.18136	0.164697
0.18144	0.164697
0.18152	-0.227783
0.1816	-0.620263
0.18168	-0.620263
0.18176	-0.424023
0.18184	-0.227783
0.18192	-0.0315428
0.182	0.164697
0.18208	0.360937
0.18216	0.360937
0.18224	0.360937
0.18232	0.164697
0.1824	-0.227783
0.18248	-0.424023
0.18256	-0.620263
0.18264	-0.620263
0.18272	-0.620263
0.1828	-0.620263
0.18288	-0.424023
0.18296	-0.227783
0.18304	0.164697
0.18312	0.360937
0.1832	0.360937
0.18328	0.360937
0.18336	0.557177
0.18344	0.557177
0.18352	0.557177
0.1836	0.753417
0.18368	0.557177
0.18376	0.360937
0.18384	-0.0315428
0.18392	-0.424023
0.184	-0.424023
0.18408	-0.0315428
0.18416	0.360937
0.18424	0.753417
0.18432	1.1459
0.1844	0.753417
0.18448	0.360937
0.18456	0.360937
0.18464	0.164697
0.18472	-0.0315428
0.1848	-0.227783
0.18488	-0.424023
0.18496	-0.227783
0.18504	0.164697
0.18512	0.753417
0.1852	0.949657
0.18528	0.360937
0.18536	-0.227783
0.18544	-0.620263
0.18552	-0.620263
0.1856	-0.0315428
0.18568	0.164697
0.18576	0.164697
0.18584	-0.0315428
0.18592	-0.0315428
0.186	-0.0315428
0.18608	-0.0315428
0.18616	-0.0315428
0.18624	-0.227783
0.18632	-0.424023
0.1864	-0.424023
0.18648	-0.227783
0.18656	0.164697
0.18664	0.557177
0.18672	0.557177
0.1868	0.557177
0.18688	0.557177
0.18696	0.360937
0.18704	0.164697
0.18712	-0.0315428
0.1872	-0.424023
0.18728	-1.20898
0.18736	-1.60146
0.18744	-1.60146
0.18752	-0.816503
0.1876	0.164697
0.18768	0.360937
0.18776	-0.0315428
0.18784	-1.01274
0.18792	-1.20898
0.188	-0.620263
0.18808	0.557177
0.18816	1.1459
0.18824	0.949657
0.18832	-0.0315428
0.1884	-1.01274
0.18848	-1.60146
0.18856	-1.60146
0.18864	-0.620263
0.18872	0.360937
0.1888	0.557177
0.18888	0.164697
0.18896	-0.227783
0.18904	-0.0315428
0.18912	0.164697
0.1892	0.360937
0.18928	-0.0315428
0.18936	-0.424023
0.18944	-0.816503
0.18952	-0.816503
0.1896	-0.0315428
0.18968	0.753417
0.18976	1.34214
0.18984	0.753417
0.18992	0.164697
0.19	0.164697
0.19008	0.753417
0.19016	1.1459
0.19024	0.753417
0.19032	-0.227783
0.1904	-0.816503
0.19048	-0.620263
0.19056	-0.0315428
0.19064	0.753417
0.19072	1.34214
0.1908	1.34214
0.19088	0.949657
0.19096	0.360937
0.19104	-0.424023
0.19112	-0.620263
0.1912	-0.424023
0.19128	-0.0315428
0.19136	0.360937
0.19144	0.753417
0.19152	0.360937
0.1916	-0.227783
0.19168	-0.620263
0.19176	-0.227783
0.19184	0.360937
0.19192	0.557177
0.192	0.164697
0.19208	-0.816503
0.19216	-1.40522
0.19224	-1.7977
0.19232	-1.60146
0.1924	-1.01274
0.19248	-0.620263
0.19256	-0.424023
0.19264	-0.424023
0.19272	-0.424023
0.1928	-0.0315428
0.19288	0.164697
0.19296	0.164697
0.19304	-0.424023
0.19312	-0.816503
0.1932	-0.816503
0.19328	-0.227783
0.19336	0.164697
0.19344	0.164697
0.19352	-0.424023
0.1936	-1.20898
0.19368	-1.40522
0.19376	-1.01274
0.19384	-0.620263
0.19392	-0.0315428
0.194	-0.0315428
0.19408	-0.0315428
0.19416	-0.227783
0.19424	-0.816503
0.19432	-1.20898
0.1944	-1.20898
0.19448	-0.620263
0.19456	-0.227783
0.19464	-0.227783
0.19472	-0.424023
0.1948	-0.424023
0.19488	-0.620263
0.19496	-0.620263
0.19504	-0.816503
0.19512	-0.816503
0.1952	-0.620263
0.19528	-0.424023
0.19536	-0.620263
0.19544	-0.816503
0.19552	-0.424023
0.1956	-0.0315428
0.19568	0.360937
0.19576	0.164697
0.19584	-0.424023
0.19592	-0.816503
0.196	-1.20898
0.19608	-1.20898
0.19616	-0.816503
0.19624	-0.227783
0.19632	-0.0315428
0.1964	-0.0315428
0.19648	-0.227783
0.19656	-0.0315428
0.19664	0.360937
0.19672	0.557177
0.1968	-0.0315428
0.19688	-0.816503
0.19696	-1.40522
0.19704	-1.40522
0.19712	-0.620263
0.1972	0.164697
0.19728	0.557177
0.19736	0.360937
0.19744	-0.620263
0.19752	-1.20898
0.1976	-1.20898
0.19768	-0.620263
0.19776	0.164697
0.19784	0.360937
0.19792	0.360937
0.198	-0.0315428
0.19808	-0.424023
0.19816	-0.620263
0.19824	-0.620263
0.19832	-0.620263
0.1984	-0.620263
0.19848	-1.01274
0.19856	-1.40522
0.19864	-1.40522
0.19872	-0.816503
0.1988	-0.0315428
0.19888	0.164697
0.19896	-0.227783
0.19904	-0.424023
0.19912	-0.424023
0.1992	0.164697
0.19928	0.360937
0.19936	0.164697
0.19944	-0.424023
0.19952	-0.424023
0.1996	-0.227783
0.19968	-0.227783
0.19976	-0.0315428
0.19984	-0.0315428
0.19992	0.164697
0.2	0.164697
0.20008	0.164697
0.20016	-0.0315428
0.20024	-0.424023
0.20032	-0.620263
0.2004	-0.620263
0.20048	-0.227783
0.20056	0.360937
0.20064	0.557177
0.20072	0.360937
0.2008	-0.424023
0.20088	-1.01274
0.20096	-0.620263
0.20104	0.164697
0.20112	0.949657
0.2012	1.1459
0.20128	1.1459
0.20136	0.949657
0.20144	0.557177
0.20152	0.557177
0.2016	0.360937
0.20168	0.164697
0.20176	-0.0315428
0.20184	-0.0315428
0.20192	-0.227783
0.202	-0.227783
0.20208	-0.424023
0.20216	-0.620263
0.20224	-0.620263
0.20232	-0.424023
0.2024	-0.0315428
0.20248	0.164697
0.20256	0.360937
0.20264	0.164697
0.20272	-0.424023
0.2028	-0.620263
0.20288	-0.620263
0.20296	-0.0315428
0.20304	0.557177
0.20312	0.557177
0.2032	-0.0315428
0.20328	-0.620263
0.20336	-0.816503
0.20344	-0.227783
0.20352	0.164697
0.2036	-0.0315428
0.20368	-0.424023
0.20376	-0.424023
0.20384	-0.0315428
0.20392	0.164697
0.204	-0.0315428
0.20408	-0.620263
0.20416	-1.20898
0.20424	-1.40522
0.20432	-1.01274
0.2044	-0.620263
0.20448	-0.0315428
0.20456	-0.0315428
0.20464	-0.0315428
0.20472	-0.0315428
0.2048	-0.0315428
0.20488	-0.0315428
0.20496	0.164697
0.20504	0.360937
0.20512	0.164697
0.2052	-0.0315428
0.20528	-0.0315428
0.20536	0.164697
0.20544	0.164697
0.20552	0.164697
0.2056	-0.0315428
0.20568	0.164697
0.20576	0.360937
0.20584	0.164697
0.20592	-0.0315428
0.206	-0.0315428
0.20608	-0.0315428
0.20616	0.164697
0.20624	0.360937
0.20632	0.557177
0.2064	0.360937
0.20648	-0.227783
0.20656	-0.620263
0.20664	-0.816503
0.20672	-0.620263
0.2068	-0.424023
0.20688	-0.0315428
0.20696	-0.0315428
0.20704	-0.0315428
0.20712	-0.227783
0.2072	-0.227783
0.20728	-0.227783
0.20736	-0.227783
0.20744	-0.0315428
0.20752	-0.0315428
0.2076	-0.0315428
0.20768	-0.0315428
0.20776	-0.227783
0.20784	-0.620263
0.20792	-1.01274
0.208	-0.816503
0.20808	-0.424023
0.20816	0.360937
0.20824	0.557177
0.20832	0.360937
0.2084	0.164697
0.20848	-0.227783
0.20856	-0.424023
0.20864	-0.620263
0.20872	-0.424023
0.2088	-0.0315428
0.20888	0.360937
0.20896	0.164697
0.20904	0.164697
0.20912	0.164697
0.2092	0.360937
0.20928	0.753417
0.20936	0.753417
0.20944	0.753417
0.20952	0.949657
0.2096	0.753417
0.20968	0.360937
0.20976	-0.0315428
0.20984	-0.0315428
0.20992	0.360937
0.21	0.360937
0.21008	0.360937
0.21016	0.164697
0.21024	0.164697
0.21032	-0.0315428
0.2104	-0.227783
0.21048	-0.424023
0.21056	-0.0315428
0.21064	0.164697
0.21072	0.360937
0.2108	0.557177
0.21088	0.360937
0.21096	-0.424023
0.21104	-1.60146
0.21112	-2.38642
0.2112	-1.99394
0.21128	-0.620263
0.21136	0.949657
0.21144	1.73462
0.21152	1.34214
0.2116	0.360937
0.21168	-0.424023
0.21176	-0.424023
0.21184	0.164697
0.21192	0.360937
0.212	0.360937
0.21208	-0.0315428
0.21216	-0.620263
0.21224	-1.60146
0.21232	-1.99394
0.2124	-1.01274
0.21248	0.557177
0.21256	1.93086
0.21264	2.1271
0.21272	1.1459
0.2128	0.360937
0.21288	0.360937
0.21296	0.557177
0.21304	0.949657
0.21312	1.1459
0.2132	1.34214
0.21328	1.34214
0.21336	1.1459
0.21344	0.360937
0.21352	-0.0315428
0.2136	0.164697
0.21368	0.949657
0.21376	1.53838
0.21384	1.93086
0.21392	1.53838
0.214	0.557177
0.21408	-0.227783
0.21416	-0.424023
0.21424	-0.0315428
0.21432	0.164697
0.2144	0.557177
0.21448	0.360937
0.21456	-0.0315428
0.21464	-0.424023
0.21472	-0.424023
0.2148	-0.227783
0.21488	-0.0315428
0.21496	0.164697
0.21504	0.360937
0.21512	-0.0315428
0.2152	-0.424023
0.21528	-1.01274
0.21536	-1.20898
0.21544	-0.620263
0.21552	-0.0315428
0.2156	0.164697
0.21568	0.360937
0.21576	0.360937
0.21584	0.164697
0.21592	-0.0315428
0.216	-0.0315428
0.21608	0.164697
0.21616	0.164697
0.21624	0.360937
0.21632	0.557177
0.2164	0.557177
0.21648	0.360937
0.21656	0.164697
0.21664	-0.0315428
0.21672	-0.0315428
0.2168	0.360937
0.21688	0.753417
0.21696	1.1459
0.21704	0.949657
0.21712	0.557177
0.2172	0.164697
0.21728	-0.0315428
0.21736	-0.227783
0.21744	-0.0315428
0.21752	0.557177
0.2176	1.34214
0.21768	1.53838
0.21776	1.1459
0.21784	0.360937
0.21792	-0.227783
0.218	-0.620263
0.21808	-0.424023
0.21816	0.164697
0.21824	0.557177
0.21832	0.360937
0.2184	-0.0315428
0.21848	-0.227783
0.21856	-0.227783
0.21864	-0.424023
0.21872	-0.0315428
0.2188	0.360937
0.21888	0.360937
0.21896	-0.0315428
0.21904	-0.620263
0.21912	-0.816503
0.2192	-0.620263
0.21928	0.164697
0.21936	0.557177
0.21944	0.753417
0.21952	0.360937
0.2196	-0.227783
0.21968	-0.424023
0.21976	-0.0315428
0.21984	0.164697
0.21992	0.164697
0.22	0.557177
0.22008	0.753417
0.22016	0.557177
0.22024	-0.0315428
0.22032	-0.227783
0.2204	-0.0315428
0.22048	-0.0315428
0.22056	0.164697
0.22064	0.557177
0.22072	0.557177
0.2208	0.360937
0.22088	-0.227783
0.22096	-0.816503
0.22104	-0.816503
0.22112	-0.620263
0.2212	-0.0315428
0.22128	0.164697
0.22136	-0.0315428
0.22144	-0.424023
0.22152	-0.816503
0.2216	-0.620263
0.22168	-0.0315428
0.22176	0.360937
0.22184	0.557177
0.22192	0.557177
0.222	0.164697
0.22208	-0.227783
0.22216	-0.620263
0.22224	-0.424023
0.22232	-0.0315428
0.2224	-0.0315428
0.22248	-0.0315428
0.22256	-0.227783
0.22264	-0.424023
0.22272	-0.620263
0.2228	-0.424023
0.22288	-0.0315428
0.22296	0.360937
0.22304	0.164697
0.22312	-0.424023
0.2232	-0.424023
0.22328	-0.227783
0.22336	-0.0315428
0.22344	0.164697
0.22352	0.164697
0.2236	0.164697
0.22368	0.164697
0.22376	0.557177
0.22384	0.557177
0.22392	0.360937
0.224	0.360937
0.22408	0.360937
0.22416	0.360937
0.22424	0.164697
0.22432	-0.227783
0.2244	-0.620263
0.22448	-0.227783
0.22456	0.164697
0.22464	0.360937
0.22472	0.360937
0.2248	-0.0315428
0.22488	-0.424023
0.22496	-0.424023
0.22504	0.164697
0.22512	0.753417
0.2252	0.949657
0.22528	0.360937
0.22536	-0.227783
0.22544	-0.816503
0.22552	-0.620263
0.2256	-0.227783
0.22568	-0.0315428
0.22576	0.164697
0.22584	-0.0315428
0.22592	0.164697
0.226	0.360937
0.22608	0.360937
0.22616	0.164697
0.22624	0.360937
0.22632	0.164697
0.2264	-0.424023
0.22648	-0.620263
0.22656	-0.424023
0.22664	-0.0315428
0.22672	0.164697
0.2268	0.164697
0.22688	-0.0315428
0.22696	-0.0315428
0.22704	-0.227783
0.22712	-0.227783
0.2272	-0.0315428
0.22728	0.360937
0.22736	0.753417
0.22744	0.557177
0.22752	0.164697
0.2276	-0.0315428
0.22768	0.164697
0.22776	0.360937
0.22784	0.557177
0.22792	0.164697
0.228	-0.620263
0.22808	-0.620263
0.22816	-0.0315428
0.22824	0.557177
0.22832	0.753417
0.2284	0.949657
0.22848	0.949657
0.22856	0.557177
0.22864	-0.0315428
0.22872	-0.424023
0.2288	-0.0315428
0.22888	0.753417
0.22896	1.1459
0.22904	1.1459
0.22912	1.34214
0.2292	1.34214
0.22928	1.1459
0.22936	0.557177
0.22944	0.164697
0.22952	-0.0315428
0.2296	0.360937
0.22968	0.360937
0.22976	-0.0315428
0.22984	-0.424023
0.22992	-0.424023
0.23	-0.0315428
0.23008	0.557177
0.23016	0.949657
0.23024	0.949657
0.23032	0.753417
0.2304	0.360937
0.23048	-0.0315428
0.23056	-0.0315428
0.23064	0.164697
0.23072	0.360937
0.2308	0.360937
0.23088	0.164697
0.23096	-0.0315428
0.23104	0.164697
0.23112	0.164697
0.2312	-0.227783
0.23128	-0.424023
0.23136	-0.227783
0.23144	-0.0315428
0.23152	0.164697
0.2316	-0.0315428
0.23168	-0.227783
0.23176	-0.620263
0.23184	-0.816503
0.23192	-0.424023
0.232	0.164697
0.23208	0.557177
0.23216	0.557177
0.23224	0.164697
0.23232	-0.620263
0.2324	-0.620263
0.23248	-0.227783
0.23256	0.164697
0.23264	0.360937
0.23272	0.360937
0.2328	0.164697
0.23288	0.360937
0.23296	0.164697
0.23304	-0.0315428
0.23312	-0.227783
0.2332	-0.0315428
0.23328	-0.0315428
0.23336	-0.0315428
0.23344	-0.227783
0.23352	-0.227783
0.2336	-0.424023
0.23368	-0.620263
0.23376	-0.620263
0.23384	-0.227783
0.23392	0.164697
0.234	0.557177
0.23408	0.360937
0.23416	0.164697
0.23424	-0.0315428
0.23432	-0.227783
0.2344	-0.0315428
0.23448	-0.0315428
0.23456	-0.0315428
0.23464	-0.0315428
0.23472	-0.0315428
0.2348	-0.227783
0.23488	-0.424023
0.23496	-0.620263
0.23504	-0.424023
0.23512	-0.0315428
0.2352	-0.0315428
0.23528	-0.0315428
0.23536	-0.227783
0.23544	0.164697
0.23552	0.360937
0.2356	0.557177
0.23568	0.557177
0.23576	0.360937
0.23584	-0.0315428
0.23592	-0.227783
0.236	-0.0315428
0.23608	-0.0315428
0.23616	-0.0315428
0.23624	-0.0315428
0.23632	0.164697
0.2364	0.164697
0.23648	0.164697
0.23656	-0.0315428
0.23664	-0.0315428
0.23672	-0.0315428
0.2368	-0.0315428
0.23688	0.164697
0.23696	0.164697
0.23704	0.164697
0.23712	-0.0315428
0.2372	-0.0315428
0.23728	-0.0315428
0.23736	-0.227783
0.23744	-0.424023
0.23752	-0.424023
0.2376	-0.227783
0.23768	-0.0315428
0.23776	0.164697
0.23784	0.164697
0.23792	-0.0315428
0.238	-0.0315428
0.23808	-0.0315428
0.23816	-0.0315428
0.23824	-0.0315428
0.23832	-0.0315428
0.2384	-0.0315428
0.23848	-0.227783
0.23856	-0.424023
0.23864	-0.227783
0.23872	-0.0315428
0.2388	-0.0315428
0.23888	-0.227783
0.23896	-0.424023
0.23904	-0.620263
0.23912	-0.620263
0.2392	-0.424023
0.23928	-0.227783
0.23936	-0.0315428
0.23944	-0.0315428
0.23952	-0.0315428
0.2396	-0.227783
0.23968	-0.227783
0.23976	-0.0315428
0.23984	0.164697
0.23992	0.164697
0.24	0.360937
0.24008	0.360937
0.24016	0.557177
0.24024	0.753417
0.24032	0.949657
0.2404	0.949657
0.24048	0.557177
0.24056	0.360937
0.24064	-0.227783
0.24072	-0.620263
0.2408	-0.620263
0.24088	-0.620263
0.24096	-0.424023
0.24104	-0.424023
0.24112	-0.424023
0.2412	-0.424023
0.24128	-0.227783
0.24136	-0.0315428
0.24144	0.164697
0.24152	0.360937
0.2416	0.557177
0.24168	0.557177
0.24176	0.557177
0.24184	0.360937
0.24192	0.557177
0.242	0.557177
0.24208	0.557177
0.24216	0.557177
0.24224	0.164697
0.24232	-0.227783
0.2424	-0.227783
0.24248	-0.227783
0.24256	0.164697
0.24264	0.164697
0.24272	0.164697
0.2428	-0.0315428
0.24288	-0.227783
0.24296	-0.424023
0.24304	-0.620263
0.24312	-0.424023
0.2432	-0.424023
0.24328	-0.227783
0.24336	-0.227783
0.24344	-0.424023
0.24352	-0.424023
0.2436	-0.424023
0.24368	-0.227783
0.24376	-0.0315428
0.24384	-0.0315428
0.24392	-0.0315428
0.244	-0.227783
0.24408	-0.620263
0.24416	-0.620263
0.24424	-0.424023
0.24432	-0.0315428
0.2444	-0.0315428
0.24448	0.164697
0.24456	0.164697
0.24464	0.164697
0.24472	0.164697
0.2448	0.360937
0.24488	0.557177
0.24496	0.557177
0.24504	0.164697
0.24512	-0.0315428
0.2452	-0.0315428
0.24528	-0.0315428
0.24536	0.164697
0.24544	-0.0315428
0.24552	-0.424023
0.2456	-0.424023
0.24568	-0.0315428
0.24576	0.360937
0.24584	0.557177
0.24592	0.557177
0.246	0.164697
0.24608	-0.227783
0.24616	-0.227783
0.24624	0.164697
0.24632	0.360937
0.2464	0.360937
0.24648	-0.0315428
0.24656	-0.424023
0.24664	-0.424023
0.24672	-0.0315428
0.2468	0.557177
0.24688	0.949657
0.24696	0.557177
0.24704	-0.0315428
0.24712	-0.424023
0.2472	-0.816503
0.24728	-1.20898
0.24736	-1.20898
0.24744	-0.816503
0.24752	-0.227783
0.2476	0.360937
0.24768	0.557177
0.24776	0.753417
0.24784	0.949657
0.24792	0.949657
0.248	0.753417
0.24808	0.557177
0.24816	0.360937
0.24824	0.164697
0.24832	0.164697
0.2484	0.164697
0.24848	0.164697
0.24856	0.360937
0.24864	0.557177
0.24872	0.753417
0.2488	0.753417
0.24888	0.753417
0.24896	0.557177
0.24904	0.164697
0.24912	-0.0315428
0.2492	-0.0315428
0.24928	0.164697
0.24936	0.164697
0.24944	0.360937
0.24952	0.557177
0.2496	0.557177
0.24968	0.753417
0.24976	0.557177
0.24984	0.164697
0.24992	0.164697
0.25	0.360937
0.25008	0.557177
0.25016	0.753417
0.25024	0.557177
0.25032	0.557177
0.2504	0.360937
0.25048	0.164697
0.25056	-0.424023
0.25064	-1.01274
0.25072	-1.01274
0.2508	-0.816503
0.25088	-0.424023
0.25096	0.164697
0.25104	0.164697
0.25112	-0.0315428
0.2512	-0.0315428
0.25128	0.164697
0.25136	0.360937
0.25144	0.557177
0.25152	0.360937
0.2516	0.360937
0.25168	0.164697
0.25176	-0.0315428
0.25184	-0.227783
0.25192	-0.424023
0.252	-0.620263
0.25208	-0.620263
0.25216	-0.620263
0.25224	-0.424023
0.25232	-0.0315428
0.2524	-0.0315428
0.25248	-0.0315428
0.25256	-0.424023
0.25264	-0.424023
0.25272	-0.620263
0.2528	-0.424023
0.25288	-0.227783
0.25296	-0.0315428
0.25304	-0.0315428
0.25312	0.164697
0.2532	0.164697
0.25328	-0.0315428
0.25336	-0.0315428
0.25344	-0.0315428
0.25352	0.164697
0.2536	0.164697
0.25368	0.360937
0.25376	0.557177
0.25384	0.557177
0.25392	0.557177
0.254	0.164697
0.25408	-0.227783
0.25416	-0.620263
0.25424	-0.816503
0.25432	-0.816503
0.2544	-0.424023
0.25448	0.164697
0.25456	0.360937
0.25464	0.557177
0.25472	0.360937
0.2548	0.360937
0.25488	0.164697
0.25496	-0.0315428
0.25504	-0.227783
0.25512	-0.620263
0.2552	-0.620263
0.25528	-0.424023
0.25536	-0.227783
0.25544	-0.0315428
0.25552	-0.0315428
0.2556	-0.0315428
0.25568	-0.0315428
0.25576	-0.0315428
0.25584	-0.0315428
0.25592	0.164697
0.256	0.164697
0.25608	0.360937
0.25616	0.360937
0.25624	0.164697
0.25632	0.164697
0.2564	0.164697
0.25648	0.164697
0.25656	0.557177
0.25664	0.360937
0.25672	0.164697
0.2568	-0.0315428
0.25688	-0.227783
0.25696	-0.0315428
0.25704	0.360937
0.25712	0.360937
0.2572	0.360937
0.25728	0.164697
0.25736	-0.0315428
0.25744	-0.0315428
0.25752	0.164697
0.2576	0.360937
0.25768	0.557177
0.25776	0.360937
0.25784	0.164697
0.25792	-0.0315428
0.258	-0.0315428
0.25808	0.164697
0.25816	0.164697
0.25824	0.164697
0.25832	-0.0315428
0.2584	-0.0315428
0.25848	-0.0315428
0.25856	-0.0315428
0.25864	0.164697
0.25872	-0.0315428
0.2588	-0.227783
0.25888	-0.620263
0.25896	-0.620263
0.25904	-0.227783
0.25912	0.360937
0.2592	0.753417
0.25928	0.753417
0.25936	0.557177
0.25944	0.360937
0.25952	0.164697
0.2596	0.164697
0.25968	0.164697
0.25976	-0.0315428
0.25984	-0.424023
0.25992	-0.620263
0.26	-0.424023
0.26008	-0.0315428
0.26016	0.360937
0.26024	0.360937
0.26032	0.164697
0.2604	-0.0315428
0.26048	-0.0315428
0.26056	0.164697
0.26064	0.360937
0.26072	0.164697
0.2608	-0.0315428
0.26088	-0.0315428
0.26096	-0.0315428
0.26104	0.164697
0.26112	0.164697
0.2612	0.164697
0.26128	-0.0315428
0.26136	-0.0315428
0.26144	0.164697
0.26152	0.164697
0.2616	0.164697
0.26168	-0.0315428
0.26176	-0.0315428
0.26184	-0.0315428
0.26192	-0.0315428
0.262	-0.227783
0.26208	-0.424023
0.26216	-0.424023
0.26224	-0.424023
0.26232	-0.227783
0.2624	-0.0315428
0.26248	0.360937
0.26256	0.360937
0.26264	0.164697
0.26272	-0.0315428
0.2628	-0.0315428
0.26288	0.164697
0.26296	0.164697
0.26304	0.164697
0.26312	0.164697
0.2632	-0.0315428
0.26328	-0.0315428
0.26336	-0.0315428
0.26344	-0.0315428
0.26352	-0.0315428
0.2636	-0.0315428
0.26368	0.164697
0.26376	0.164697
0.26384	0.164697
0.26392	-0.0315428
0.264	-0.0315428
0.26408	-0.0315428
0.26416	-0.0315428
0.26424	0.164697
0.26432	0.164697
0.2644	0.164697
0.26448	0.164697
0.26456	-0.0315428
0.26464	-0.0315428
0.26472	0.164697
0.2648	0.164697
0.26488	-0.0315428
0.26496	-0.0315428
0.26504	0.164697
0.26512	0.164697
0.2652	0.360937
0.26528	0.164697
0.26536	-0.0315428
0.26544	-0.227783
0.26552	-0.0315428
0.2656	-0.0315428
0.26568	0.164697
0.26576	0.164697
0.26584	0.164697
0.26592	0.360937
0.266	0.164697
0.26608	0.164697
0.26616	0.164697
0.26624	-0.0315428
0.26632	-0.0315428
0.2664	-0.0315428
0.26648	-0.0315428
0.26656	-0.0315428
0.26664	-0.0315428
0.26672	0.360937
0.2668	0.360937
0.26688	0.164697
0.26696	-0.0315428
0.26704	-0.0315428
0.26712	-0.0315428
0.2672	0.164697
0.26728	0.360937
0.26736	0.360937
0.26744	0.360937
0.26752	0.164697
0.2676	-0.0315428
0.26768	-0.0315428
0.26776	-0.0315428
0.26784	-0.227783
0.26792	-0.227783
0.268	-0.227783
0.26808	-0.0315428
0.26816	-0.227783
0.26824	-0.227783
0.26832	-0.227783
0.2684	-0.227783
0.26848	-0.0315428
0.26856	-0.0315428
0.26864	-0.227783
0.26872	-0.424023
0.2688	-0.620263
0.26888	-0.424023
0.26896	-0.227783
0.26904	-0.0315428
0.26912	-0.0315428
0.2692	-0.227783
0.26928	-0.620263
0.26936	-0.620263
0.26944	-0.424023
0.26952	-0.227783
0.2696	-0.0315428
0.26968	-0.0315428
0.26976	-0.227783
0.26984	-0.424023
0.26992	-0.227783
0.27	-0.227783
0.27008	-0.0315428
0.27016	-0.0315428
0.27024	-0.0315428
0.27032	-0.0315428
0.2704	-0.0315428
0.27048	-0.0315428
0.27056	-0.0315428
0.27064	-0.227783
0.27072	-0.424023
0.2708	-0.424023
0.27088	-0.424023
0.27096	-0.424023
0.27104	-0.227783
0.27112	-0.0315428
0.2712	-0.0315428
0.27128	0.164697
0.27136	0.164697
0.27144	0.360937
0.27152	0.164697
0.2716	0.164697
0.27168	0.164697
0.27176	0.164697
0.27184	0.164697
0.27192	-0.0315428
0.272	-0.0315428
0.27208	-0.0315428
0.27216	-0.0315428
0.27224	-0.0315428
0.27232	-0.0315428
0.2724	-0.0315428
0.27248	0.164697
0.27256	0.164697
0.27264	-0.0315428
0.27272	-0.227783
0.2728	-0.227783
0.27288	-0.0315428
0.27296	-0.0315428
0.27304	-0.0315428
0.27312	-0.227783
0.2732	-0.424023
0.27328	-0.227783
0.27336	-0.0315428
0.27344	0.164697
0.27352	0.164697
0.2736	0.360937
0.27368	0.360937
0.27376	0.164697
0.27384	0.164697
0.27392	-0.0315428
0.274	-0.227783
0.27408	-0.227783
0.27416	-0.227783
0.27424	-0.0315428
0.27432	-0.0315428
0.2744	-0.0315428
0.27448	-0.0315428
0.27456	-0.0315428
0.27464	0.164697
0.27472	-0.0315428
0.2748	-0.0315428
0.27488	0.164697
0.27496	0.164697
0.27504	0.360937
0.27512	0.360937
0.2752	0.360937
0.27528	0.164697
0.27536	0.164697
0.27544	-0.0315428
0.27552	-0.0315428
0.2756	-0.0315428
0.27568	-0.0315428
0.27576	0.164697
0.27584	0.164697
0.27592	0.164697
0.276	0.360937
0.27608	0.164697
0.27616	-0.0315428
0.27624	-0.227783
0.27632	-0.227783
0.2764	0.164697
0.27648	0.360937
0.27656	0.164697
0.27664	-0.0315428
0.27672	-0.0315428
0.2768	-0.0315428
0.27688	-0.0315428
0.27696	0.164697
0.27704	0.164697
0.27712	0.164697
0.2772	0.164697
0.27728	-0.0315428
0.27736	-0.227783
0.27744	-0.227783
0.27752	-0.0315428
0.2776	-0.0315428
0.27768	-0.227783
0.27776	-0.227783
0.27784	-0.0315428
0.27792	0.164697
0.278	0.164697
0.27808	0.164697
0.27816	0.164697
0.27824	0.164697
0.27832	0.164697
0.2784	0.164697
0.27848	-0.0315428
0.27856	-0.0315428
0.27864	-0.0315428
0.27872	-0.0315428
0.2788	0.164697
0.27888	-0.0315428
0.27896	-0.227783
0.27904	-0.424023
0.27912	-0.424023
0.2792	-0.227783
0.27928	-0.0315428
0.27936	0.164697
0.27944	0.164697
0.27952	0.164697
0.2796	0.164697
0.27968	-0.0315428
0.27976	-0.227783
0.27984	-0.227783
0.27992	-0.227783
0.28	-0.0315428
0.28008	0.164697
0.28016	0.164697
0.28024	-0.0315428
0.28032	-0.227783
0.2804	-0.0315428
0.28048	-0.0315428
0.28056	-0.0315428
0.28064	-0.0315428
0.28072	-0.0315428
0.2808	-0.424023
0.28088	-0.424023
0.28096	-0.424023
0.28104	-0.227783
0.28112	-0.227783
0.2812	-0.227783
0.28128	-0.424023
0.28136	-0.227783
0.28144	-0.0315428
0.28152	-0.0315428
0.2816	-0.0315428
0.28168	-0.0315428
0.28176	-0.227783
0.28184	-0.227783
0.28192	-0.0315428
0.282	-0.0315428
0.28208	-0.227783
0.28216	-0.227783
0.28224	-0.227783
0.28232	-0.0315428
0.2824	-0.0315428
0.28248	-0.227783
0.28256	-0.227783
0.28264	-0.227783
0.28272	-0.0315428
0.2828	-0.0315428
0.28288	0.164697
0.28296	0.164697
0.28304	-0.0315428
0.28312	-0.0315428
0.2832	-0.0315428
0.28328	-0.0315428
0.28336	-0.0315428
0.28344	-0.0315428
0.28352	0.164697
0.2836	0.164697
0.28368	0.164697
0.28376	-0.0315428
0.28384	-0.0315428
0.28392	-0.227783
0.284	-0.0315428
0.28408	-0.0315428
0.28416	-0.0315428
0.28424	0.164697
0.28432	-0.0315428
0.2844	-0.227783
0.28448	-0.0315428
0.28456	-0.0315428
0.28464	-0.0315428
0.28472	0.164697
0.2848	0.164697
0.28488	0.164697
0.28496	0.164697
0.28504	0.360937
0.28512	0.360937
0.2852	0.164697
0.28528	-0.0315428
0.28536	-0.0315428
0.28544	-0.0315428
0.28552	-0.0315428
0.2856	-0.0315428
0.28568	-0.0315428
0.28576	0.164697
0.28584	0.164697
0.28592	0.164697
0.286	0.360937
0.28608	0.164697
0.28616	-0.0315428
0.28624	-0.0315428
0.28632	-0.227783
0.2864	-0.0315428
0.28648	0.164697
0.28656	0.360937
0.28664	0.360937
0.28672	0.164697
0.2868	0.164697
0.28688	0.164697
0.28696	0.360937
0.28704	0.557177
0.28712	0.360937
0.2872	0.360937
0.28728	0.164697
0.28736	0.360937
0.28744	0.360937
0.28752	0.360937
0.2876	0.360937
0.28768	0.164697
0.28776	-0.0315428
0.28784	0.164697
0.28792	-0.0315428
0.288	0.164697
0.28808	0.164697
0.28816	0.360937
0.28824	0.360937
0.28832	0.557177
0.2884	0.360937
0.28848	0.164697
0.28856	0.164697
0.28864	0.164697
0.28872	0.164697
0.2888	0.164697
0.28888	0.164697
0.28896	0.360937
0.28904	0.360937
0.28912	0.360937
0.2892	0.360937
0.28928	0.557177
0.28936	0.360937
0.28944	0.360937
0.28952	0.360937
0.2896	0.164697
0.28968	0.164697
0.28976	-0.0315428
0.28984	0.164697
0.28992	0.164697
0.29	0.164697
0.29008	-0.0315428
0.29016	-0.0315428
0.29024	0.164697
0.29032	0.164697
0.2904	0.360937
0.29048	0.360937
0.29056	0.360937
0.29064	0.164697
0.29072	0.164697
0.2908	-0.0315428
0.29088	-0.0315428
0.29096	-0.227783
0.29104	-0.0315428
0.29112	-0.0315428
0.2912	0.164697
0.29128	0.164697
0.29136	0.164697
0.29144	0.164697
0.29152	0.164697
0.2916	0.164697
0.29168	0.164697
0.29176	0.164697
0.29184	0.164697
0.29192	0.164697
0.292	0.164697
0.29208	0.164697
0.29216	0.164697
0.29224	0.164697
0.29232	0.164697
0.2924	0.164697
0.29248	-0.0315428
0.29256	-0.227783
0.29264	-0.227783
0.29272	-0.0315428
0.2928	-0.0315428
0.29288	-0.0315428
0.29296	-0.0315428
0.29304	-0.0315428
0.29312	-0.0315428
0.2932	-0.0315428
0.29328	-0.0315428
0.29336	-0.0315428
0.29344	-0.0315428
0.29352	0.164697
0.2936	0.360937
0.29368	0.360937
0.29376	0.360937
0.29384	0.360937
0.29392	0.360937
0.294	0.557177
0.29408	0.360937
0.29416	0.164697
0.29424	0.164697
0.29432	0.164697
0.2944	0.360937
0.29448	0.360937
0.29456	0.164697
0.29464	0.164697
0.29472	0.164697
0.2948	0.164697
0.29488	0.164697
0.29496	0.164697
0.29504	0.164697
0.29512	0.360937
0.2952	0.164697
0.29528	-0.0315428
0.29536	-0.0315428
0.29544	-0.0315428
0.29552	0.164697
0.2956	0.164697
0.29568	0.164697
0.29576	0.164697
0.29584	0.164697
0.29592	0.164697
0.296	0.164697
0.29608	0.164697
0.29616	0.164697
0.29624	0.164697
0.29632	0.164697
0.2964	0.164697
0.29648	-0.0315428
0.29656	-0.0315428
0.29664	-0.0315428
0.29672	-0.0315428
0.2968	-0.0315428
0.29688	0.164697
0.29696	0.164697
0.29704	0.164697
0.29712	0.164697
0.2972	0.164697
0.29728	0.164697
0.29736	0.164697
0.29744	0.360937
0.29752	0.360937
0.2976	0.557177
0.29768	0.360937
0.29776	0.164697
0.29784	-0.0315428
0.29792	0.164697
0.298	0.164697
0.29808	0.360937
0.29816	0.164697
0.29824	0.164697
0.29832	-0.0315428
0.2984	-0.0315428
0.29848	-0.0315428
0.29856	0.164697
0.29864	0.360937
0.29872	0.360937
0.2988	0.360937
0.29888	0.360937
0.29896	0.164697
0.29904	0.360937
0.29912	0.360937
0.2992	0.360937
0.29928	0.360937
0.29936	0.164697
0.29944	0.164697
0.29952	0.557177
0.2996	0.753417
0.29968	0.557177
0.29976	0.360937
0.29984	0.164697
0.29992	0.164697
0.3	0.164697
0.30008	0.164697
0.30016	0.360937
0.30024	0.360937
0.30032	0.360937
0.3004	0.360937
0.30048	0.164697
0.30056	0.164697
0.30064	0.164697
0.30072	0.360937
0.3008	0.360937
0.30088	0.360937
0.30096	0.164697
0.30104	0.164697
0.30112	0.164697
0.3012	0.360937
0.30128	0.164697
0.30136	0.164697
0.30144	0.360937
0.30152	0.164697
0.3016	0.360937
0.30168	0.360937
0.30176	0.360937
0.30184	0.360937
0.30192	0.557177
0.302	0.360937
0.30208	0.360937
0.30216	0.360937
0.30224	0.360937
0.30232	0.360937
0.3024	0.360937
0.30248	0.360937
0.30256	0.360937
0.30264	0.360937
0.30272	0.557177
0.3028	0.557177
0.30288	0.557177
0.30296	0.360937
0.30304	0.360937
0.30312	0.164697
0.3032	0.360937
0.30328	0.557177
0.30336	0.360937
0.30344	0.360937
0.30352	0.360937
0.3036	0.164697
0.30368	0.360937
0.30376	0.360937
0.30384	0.360937
0.30392	0.360937
0.304	0.360937
0.30408	0.360937
0.30416	0.360937
0.30424	0.360937
0.30432	0.164697
0.3044	-0.0315428
0.30448	-0.0315428
0.30456	-0.0315428
0.30464	0.164697
0.30472	0.360937
0.3048	0.164697
0.30488	-0.0315428
0.30496	0.164697
0.30504	0.360937
0.30512	0.557177
0.3052	0.557177
0.30528	0.360937
0.30536	0.164697
0.30544	0.164697
0.30552	0.360937
0.3056	0.360937
0.30568	0.360937
0.30576	0.164697
0.30584	0.164697
0.30592	0.164697
0.306	0.164697
0.30608	0.360937
0.30616	0.164697
0.30624	0.164697
0.30632	0.164697
0.3064	0.360937
0.30648	0.557177
0.30656	0.557177
0.30664	0.557177
0.30672	0.360937
0.3068	0.164697
0.30688	-0.0315428
0.30696	-0.0315428
0.30704	0.164697
0.30712	0.360937
0.3072	0.164697
0.30728	0.164697
0.30736	0.164697
0.30744	0.164697
0.30752	0.164697
0.3076	0.360937
0.30768	0.164697
0.30776	-0.0315428
0.30784	-0.227783
0.30792	-0.0315428
0.308	0.164697
0.30808	0.164697
0.30816	0.164697
0.30824	0.164697
0.30832	-0.0315428
0.3084	-0.0315428
0.30848	-0.0315428
0.30856	-0.0315428
0.30864	0.164697
0.30872	0.164697
0.3088	-0.0315428
0.30888	-0.0315428
0.30896	-0.0315428
0.30904	0.164697
0.30912	0.360937
0.3092	0.360937
0.30928	0.360937
0.30936	0.164697
0.30944	0.164697
0.30952	0.360937
0.3096	0.164697
0.30968	0.164697
0.30976	-0.0315428
0.30984	0.164697
0.30992	0.164697
0.31	0
0.31008	0
0.31016	0
0.31024	0
0.31032	0
0.3104	0
0.31048	0
0.31056	0
0.31064	0
0.31072	0
0.3108	0
0.31088	0
0.31096	0
0.31104	0
0.31112	0
0.3112	0
0.31128	0
0.31136	0
0.31144	0
0.31152	0
0.3116	0
0.31168	0
0.31176	0
0.31184	0
0.31192	0
0.312	0
0.31208	0
0.31216	0
0.31224	0
0.31232	0
0.3124	0
0.31248	0
0.31256	0
0.31264	0
0.31272	0
0.3128	0
0.31288	0
0.31296	0
0.31304	0
0.31312	0
0.3132	0
0.31328	0
0.31336	0
0.31344	0
0.31352	0
0.3136	0
0.31368	0
0.31376	0
0.31384	0
0.31392	0
0.314	0
0.31408	0
0.31416	0
0.31424	0
0.31432	0
0.3144	0
0.31448	0
0.31456	0
0.31464	0
0.31472	0
0.3148	0
0.31488	0
0.31496	0
0.31504	0
0.31512	0
0.3152	0
0.31528	0
0.31536	0
0.31544	0
0.31552	0
0.3156	0
0.31568	0
0.31576	0
0.31584	0
0.31592	0
0.316	0
0.31608	0
0.31616	0
0.31624	0
0.31632	0
0.3164	0
0.31648	0
0.31656	0
0.31664	0
0.31672	0
0.3168	0
0.31688	0
0.31696	0
0.31704	0
0.31712	0
0.3172	0
0.31728	0
0.31736	0
0.31744	0
0.31752	0
0.3176	0
0.31768	0
0.31776	0
0.31784	0
0.31792	0
0.318	0
0.31808	0
0.31816	0
0.31824	0
0.31832	0
0.3184	0
0.31848	0
0.31856	0
0.31864	0
0.31872	0
0.3188	0
0.31888	0
0.31896	0
0.31904	0
0.31912	0
0.3192	0
0.31928	0
0.31936	0
0.31944	0
0.31952	0
0.3196	0
0.31968	0
0.31976	0
0.31984	0
0.31992	0
0.32	0
0.32008	0
0.32016	0
0.32024	0
0.32032	0
0.3204	0
0.32048	0
0.32056	0
0.32064	0
0.32072	0
0.3208	0
0.32088	0
0.32096	0
0.32104	0
0.32112	0
0.3212	0
0.32128	0
0.32136	0
0.32144	0
0.32152	0
0.3216	0
0.32168	0
0.32176	0
0.32184	0
0.32192	0
0.322	0
0.32208	0
0.32216	0
0.32224	0
0.32232	0
0.3224	0
0.32248	0
0.32256	0
0.32264	0
0.32272	0
0.3228	0
0.32288	0
0.32296	0
0.32304	0
0.32312	0
0.3232	0
0.32328	0
0.32336	0
0.32344	0
0.32352	0
0.3236	0
0.32368	0
0.32376	0
0.32384	0
0.32392	0
0.324	0
0.32408	0
0.32416	0
0.32424	0
0.32432	0
0.3244	0
0.32448	0
0.32456	0
0.32464	0
0.32472	0
0.3248	0
0.32488	0
0.32496	0
0.32504	0
0.32512	0
0.3252	0
0.32528	0
0.32536	0
0.32544	0
0.32552	0
0.3256	0
0.32568	0
0.32576	0
0.32584	0
0.32592	0
0.326	0
0.32608	0
0.32616	0
0.32624	0
0.32632	0
0.3264	0
0.32648	0
0.32656	0
0.32664	0
0.32672	0
0.3268	0
0.32688	0
0.32696	0
0.32704	0
0.32712	0
0.3272	0
0.32728	0
0.32736	0
0.32744	0
0.32752	0
0.3276	0
0.32768	0
0.32776	0
0.32784	0
0.32792	0
0.328	0
0.32808	0
0.32816	0
0.32824	0
0.32832	0
0.3284	0
0.32848	0
0.32856	0
0.32864	0
0.32872	0
0.3288	0
0.32888	0
0.32896	0
0.32904	0
0.32912	0
0.3292	0
0.32928	0
0.32936	0
0.32944	0
0.32952	0
0.3296	0
0.32968	0
0.32976	0
0.32984	0
0.32992	0
0.33	0
0.33008	0