-0.02	-0.739696
-0.01992	-0.739696
-0.01984	0.004352
-0.01976	0.004352
-0.01968	0.004352
-0.0196	-0.739696
-0.01952	-0.739696
-0.01944	-1.48374
-0.01936	-1.48374
-0.01928	-0.739696
-0.0192	0.004352
-0.01912	1.49245
-0.01904	1.49245
-0.01896	0.7484
-0.01888	-0.739696
-0.0188	-1.48374
-0.01872	-2.22779
-0.01864	-0.739696
-0.01856	-0.739696
-0.01848	0.004352
-0.0184	0.7484
-0.01832	0.7484
-0.01824	0.7484
-0.01816	0.7484
-0.01808	0.004352
-0.018	0.004352
-0.01792	-0.739696
-0.01784	0.7484
-0.01776	0.7484
-0.01768	1.49245
-0.0176	0.004352
-0.01752	-1.48374
-0.01744	-2.97184
-0.01736	-2.97184
-0.01728	-2.22779
-0.0172	-0.739696
-0.01712	1.49245
-0.01704	2.2365
-0.01696	2.2365
-0.01688	0.7484
-0.0168	-0.739696
-0.01672	-1.48374
-0.01664	-1.48374
-0.01656	-0.739696
-0.01648	-0.739696
-0.0164	-0.739696
-0.01632	-1.48374
-0.01624	-1.48374
-0.01616	0.004352
-0.01608	0.004352
-0.016	0.004352
-0.01592	0.004352
-0.01584	0.004352
-0.01576	0.004352
-0.01568	0.7484
-0.0156	0.7484
-0.01552	-0.739696
-0.01544	-1.48374
-0.01536	-2.22779
-0.01528	-2.22779
-0.0152	-0.739696
-0.01512	1.49245
-0.01504	2.98054
-0.01496	2.98054
-0.01488	1.49245
-0.0148	0.004352
-0.01472	-0.739696
-0.01464	-1.48374
-0.01456	-0.739696
-0.01448	-0.739696
-0.0144	-0.739696
-0.01432	-0.739696
-0.01424	-0.739696
-0.01416	-1.48374
-0.01408	-1.48374
-0.014	-0.739696
-0.01392	-0.739696
-0.01384	0.7484
-0.01376	1.49245
-0.01368	1.49245
-0.0136	0.7484
-0.01352	-0.739696
-0.01344	-2.22779
-0.01336	-2.22779
-0.01328	-0.739696
-0.0132	0.7484
-0.01312	1.49245
-0.01304	1.49245
-0.01296	1.49245
-0.01288	0.7484
-0.0128	0.004352
-0.01272	-0.739696
-0.01264	-2.22779
-0.01256	-2.97184
-0.01248	-2.97184
-0.0124	-1.48374
-0.01232	0.004352
-0.01224	1.49245
-0.01216	1.49245
-0.01208	0.7484
-0.012	-0.739696
-0.01192	-1.48374
-0.01184	-0.739696
-0.01176	0.7484
-0.01168	2.2365
-0.0116	1.49245
-0.01152	0.004352
-0.01144	-0.739696
-0.01136	-2.22779
-0.01128	-1.48374
-0.0112	0.004352
-0.01112	0.004352
-0.01104	0.004352
-0.01096	-0.739696
-0.01088	-0.739696
-0.0108	-0.739696
-0.01072	-0.739696
-0.01064	-1.48374
-0.01056	-0.739696
-0.01048	-0.739696
-0.0104	0.004352
-0.01032	0.7484
-0.01024	0.7484
-0.01016	0.7484
-0.01008	0.004352
-0.01	0.004352
-0.00992	0.004352
-0.00984	0.7484
-0.00976	1.49245
-0.00968	0.7484
-0.0096	0.004352
-0.00952	-1.48374
-0.00944	-2.22779
-0.00936	-1.48374
-0.00928	-0.739696
-0.0092	0.7484
-0.00912	1.49245
-0.00904	0.7484
-0.00896	-0.739696
-0.00888	-1.48374
-0.0088	-2.22779
-0.00872	-2.22779
-0.00864	-0.739696
-0.00856	0.004352
-0.00848	0.7484
-0.0084	1.49245
-0.00832	1.49245
-0.00824	0.7484
-0.00816	0.004352
-0.00808	0.004352
-0.008	-0.739696
-0.00792	0.004352
-0.00784	0.004352
-0.00776	-0.739696
-0.00768	-1.48374
-0.0076	-1.48374
-0.00752	-0.739696
-0.00744	0.004352
-0.00736	0.7484
-0.00728	0.7484
-0.0072	-0.739696
-0.00712	-2.22779
-0.00704	-2.97184
-0.00696	-1.48374
-0.00688	0.004352
-0.0068	0.7484
-0.00672	0.7484
-0.00664	-0.739696
-0.00656	-0.739696
-0.00648	0.004352
-0.0064	0.7484
-0.00632	0.7484
-0.00624	0.7484
-0.00616	0.004352
-0.00608	-0.739696
-0.006	-0.739696
-0.00592	-0.739696
-0.00584	0.004352
-0.00576	0.7484
-0.00568	0.7484
-0.0056	0.004352
-0.00552	-1.48374
-0.00544	-0.739696
-0.00536	0.004352
-0.00528	1.49245
-0.0052	2.2365
-0.00512	1.49245
-0.00504	0.004352
-0.00496	-1.48374
-0.00488	-1.48374
-0.0048	-0.739696
-0.00472	0.004352
-0.00464	0.7484
-0.00456	0.7484
-0.00448	0.004352
-0.0044	-0.739696
-0.00432	-0.739696
-0.00424	-0.739696
-0.00416	-0.739696
-0.00408	-0.739696
-0.004	-0.739696
-0.00392	-1.48374
-0.00384	-2.22779
-0.00376	-2.22779
-0.00368	-0.739696
-0.0036	0.7484
-0.00352	1.49245
-0.00344	0.7484
-0.00336	0.004352
-0.00328	-0.739696
-0.0032	-0.739696
-0.00312	0.004352
-0.00304	0.7484
-0.00296	1.49245
-0.00288	0.7484
-0.0028	0.7484
-0.00272	-0.739696
-0.00264	-2.22779
-0.00256	-2.97184
-0.00248	-2.22779
-0.0024	-0.739696
-0.00232	0.7484
-0.00224	1.49245
-0.00216	0.7484
-0.00208	0.7484
-0.002	-0.739696
-0.00192	-1.48374
-0.00184	-0.739696
-0.00176	0.004352
-0.00168	0.7484
-0.0016	0.004352
-0.00152	-1.48374
-0.00144	-2.22779
-0.00136	-1.48374
-0.00128	0.7484
-0.0012	1.49245
-0.00112	0.7484
-0.00104	-0.739696
-9.6E-4	-2.22779
-8.8E-4	-2.22779
-8.0E-4	-0.739696
-7.2E-4	0.7484
-6.4E-4	1.49245
-5.6E-4	0.004352
-4.8E-4	-1.48374
-4.0E-4	-2.22779
-3.2E-4	-1.48374
-2.4E-4	-0.739696
-1.6E-4	0.004352
-8.0E-5	0.7484
4.66478E-17	0.7484
8.0E-5	0.7484
1.6E-4	0.7484
2.4E-4	0.004352
3.2E-4	0.004352
4.0E-4	-0.739696
4.8E-4	-1.48374
5.6E-4	-1.48374
6.4E-4	-1.48374
7.2E-4	-0.739696
8.0E-4	0.7484
8.8E-4	2.2365
9.6E-4	2.2365
0.00104	1.49245
0.00112	0.7484
0.0012	0.004352
0.00128	-0.739696
0.00136	-0.739696
0.00144	-0.739696
0.00152	-0.739696
0.0016	-1.48374
0.00168	-0.739696
0.00176	-1.48374
0.00184	-0.739696
0.00192	0.004352
0.002	0.7484
0.00208	1.49245
0.00216	0.004352
0.00224	-1.48374
0.00232	-2.97184
0.0024	-2.22779
0.00248	-1.48374
0.00256	-0.739696
0.00264	0.7484
0.00272	0.004352
0.0028	-0.739696
0.00288	-1.48374
0.00296	-1.48374
0.00304	0.7484
0.00312	2.2365
0.0032	3.72459
0.00328	2.2365
0.00336	-0.739696
0.00344	-3.71589
0.00352	-4.45994
0.0036	-3.71589
0.00368	-0.739696
0.00376	0.7484
0.00384	1.49245
0.00392	0.7484
0.004	0.004352
0.00408	-0.739696
0.00416	0.7484
0.00424	1.49245
0.00432	1.49245
0.0044	1.49245
0.00448	0.004352
0.00456	0.004352
0.00464	-0.739696
0.00472	-0.739696
0.0048	-1.48374
0.00488	-1.48374
0.00496	-0.739696
0.00504	0.004352
0.00512	0.7484
0.0052	-0.739696
0.00528	-2.22779
0.00536	-2.97184
0.00544	-2.97184
0.00552	-0.739696
0.0056	0.004352
0.00568	0.004352
0.00576	-0.739696
0.00584	-0.739696
0.00592	-1.48374
0.006	-0.739696
0.00608	-0.739696
0.00616	0.004352
0.00624	0.7484
0.00632	1.49245
0.0064	0.7484
0.00648	0.004352
0.00656	-0.739696
0.00664	-1.48374
0.00672	-0.739696
0.0068	-0.739696
0.00688	0.004352
0.00696	0.7484
0.00704	0.004352
0.00712	-0.739696
0.0072	-1.48374
0.00728	-2.22779
0.00736	-2.22779
0.00744	-1.48374
0.00752	0.004352
0.0076	1.49245
0.00768	1.49245
0.00776	0.7484
0.00784	0.004352
0.00792	-1.48374
0.008	-2.22779
0.00808	-2.97184
0.00816	-2.22779
0.00824	-0.739696
0.00832	-0.739696
0.0084	-0.739696
0.00848	-1.48374
0.00856	-2.97184
0.00864	-2.97184
0.00872	-2.22779
0.0088	-0.739696
0.00888	0.004352
0.00896	0.004352
0.00904	-0.739696
0.00912	-0.739696
0.0092	-0.739696
0.00928	0.004352
0.00936	0.004352
0.00944	-0.739696
0.00952	-1.48374
0.0096	-2.22779
0.00968	-2.22779
0.00976	-0.739696
0.00984	0.004352
0.00992	0.004352
0.01	-0.739696
0.01008	-2.22779
0.01016	-2.22779
0.01024	-2.22779
0.01032	-2.22779
0.0104	-2.22779
0.01048	-1.48374
0.01056	-0.739696
0.01064	-0.739696
0.01072	-0.739696
0.0108	-1.48374
0.01088	-2.22779
0.01096	-2.22779
0.01104	-2.22779
0.01112	-1.48374
0.0112	-0.739696
0.01128	-0.739696
0.01136	-0.739696
0.01144	-0.739696
0.01152	0.004352
0.0116	0.004352
0.01168	-0.739696
0.01176	-2.22779
0.01184	-4.45994
0.01192	-5.20398
0.012	-5.20398
0.01208	-4.45994
0.01216	-2.22779
0.01224	-0.739696
0.01232	-0.739696
0.0124	-1.48374
0.01248	-2.22779
0.01256	-2.97184
0.01264	-2.97184
0.01272	-2.97184
0.0128	-2.97184
0.01288	-2.97184
0.01296	-2.22779
0.01304	-1.48374
0.01312	-0.739696
0.0132	0.004352
0.01328	-0.739696
0.01336	-2.22779
0.01344	-3.71589
0.01352	-4.45994
0.0136	-2.97184
0.01368	-1.48374
0.01376	-0.739696
0.01384	-1.48374
0.01392	-3.71589
0.014	-6.69208
0.01408	-7.43613
0.01416	-5.94803
0.01424	-2.97184
0.01432	0.004352
0.0144	0.7484
0.01448	-1.48374
0.01456	-4.45994
0.01464	-5.94803
0.01472	-5.94803
0.0148	-4.45994
0.01488	-3.71589
0.01496	-3.71589
0.01504	-4.45994
0.01512	-5.94803
0.0152	-5.94803
0.01528	-5.94803
0.01536	-5.20398
0.01544	-4.45994
0.01552	-5.20398
0.0156	-5.94803
0.01568	-5.94803
0.01576	-6.69208
0.01584	-6.69208
0.01592	-6.69208
0.016	-7.43613
0.01608	-7.43613
0.01616	-6.69208
0.01624	-5.94803
0.01632	-5.20398
0.0164	-5.94803
0.01648	-6.69208
0.01656	-7.43613
0.01664	-7.43613
0.01672	-7.43613
0.0168	-7.43613
0.01688	-7.43613
0.01696	-8.92422
0.01704	-8.92422
0.01712	-8.18018
0.0172	-8.18018
0.01728	-7.43613
0.01736	-8.18018
0.01744	-8.18018
0.01752	-8.92422
0.0176	-8.18018
0.01768	-7.43613
0.01776	-5.94803
0.01784	-6.69208
0.01792	-8.92422
0.018	-10.4123
0.01808	-11.1563
0.01816	-10.4123
0.01824	-8.92422
0.01832	-7.43613
0.0184	-6.69208
0.01848	-6.69208
0.01856	-8.18018
0.01864	-9.66827
0.01872	-9.66827
0.0188	-6.69208
0.01888	-0.739696
0.01896	5.21269
0.01904	5.95674
0.01912	-0.739696
0.0192	-14.1325
0.01928	-28.2695
0.01936	-34.9659
0.01944	-30.5016
0.01952	-14.8766
0.0196	2.98054
0.01968	14.1412
0.01976	11.9091
0.01984	-0.739696
0.01992	-16.3647
0.02	-24.5492
0.02008	-23.0611
0.02016	-13.3885
0.02024	-1.48374
0.02032	4.46864
0.0204	2.98054
0.02048	-4.45994
0.02056	-8.92422
0.02064	-7.43613
0.02072	-1.48374
0.0208	3.72459
0.02088	1.49245
0.02096	-6.69208
0.02104	-11.9004
0.02112	-8.18018
0.0212	2.2365
0.02128	11.9091
0.02136	11.165
0.02144	0.004352
0.02152	-15.6206
0.0216	-23.8052
0.02168	-20.829
0.02176	-10.4123
0.02184	0.7484
0.02192	4.46864
0.022	1.49245
0.02208	-3.71589
0.02216	-5.94803
0.02224	-4.45994
0.02232	0.004352
0.0224	1.49245
0.02248	-1.48374
0.02256	-9.66827
0.02264	-17.1088
0.02272	-17.8528
0.0228	-9.66827
0.02288	1.49245
0.02296	7.44483
0.02304	3.72459
0.02312	-7.43613
0.0232	-17.8528
0.02328	-21.573
0.02336	-14.8766
0.02344	-5.20398
0.02352	0.7484
0.0236	-2.22779
0.02368	-8.92422
0.02376	-13.3885
0.02384	-8.18018
0.02392	2.2365
0.024	10.421
0.02408	8.18888
0.02416	-5.20398
0.02424	-20.829
0.02432	-26.7814
0.0244	-18.5968
0.02448	-0.739696
0.02456	13.3972
0.02464	14.1412
0.02472	0.7484
0.0248	-17.1088
0.02488	-28.2695
0.02496	-26.7814
0.02504	-15.6206
0.02512	-1.48374
0.0252	8.93293
0.02528	14.1412
0.02536	16.3734
0.02544	17.8615
0.02552	19.3496
0.0256	21.5817
0.02568	20.0936
0.02576	14.1412
0.02584	4.46864
0.02592	-4.45994
0.026	-8.92422
0.02608	-5.20398
0.02616	2.98054
0.02624	8.93293
0.02632	6.70078
0.0264	-3.71589
0.02648	-17.1088
0.02656	-28.2695
0.02664	-33.4778
0.02672	-31.9897
0.0268	-29.7576
0.02688	-26.7814
0.02696	-25.2933
0.02704	-23.0611
0.02712	-19.3409
0.0272	-12.6444
0.02728	-5.94803
0.02736	-2.97184
0.02744	-5.20398
0.02752	-11.1563
0.0276	-16.3647
0.02768	-17.8528
0.02776	-13.3885
0.02784	-6.69208
0.02792	-2.22779
0.028	-2.97184
0.02808	-8.18018
0.02816	-12.6444
0.02824	-16.3647
0.02832	-18.5968
0.0284	-19.3409
0.02848	-18.5968
0.02856	-17.8528
0.02864	-16.3647
0.02872	-15.6206
0.0288	-14.8766
0.02888	-15.6206
0.02896	-16.3647
0.02904	-14.8766
0.02912	-12.6444
0.0292	-8.92422
0.02928	-4.45994
0.02936	1.49245
0.02944	4.46864
0.02952	1.49245
0.0296	-6.69208
0.02968	-17.1088
0.02976	-23.0611
0.02984	-25.2933
0.02992	-25.2933
0.03	-25.2933
0.03008	-24.5492
0.03016	-21.573
0.03024	-16.3647
0.03032	-9.66827
0.0304	-5.20398
0.03048	-5.20398
0.03056	-8.18018
0.03064	-11.1563
0.03072	-10.4123
0.0308	-4.45994
0.03088	4.46864
0.03096	14.1412
0.03104	17.8615
0.03112	12.6531
0.0312	-0.739696
0.03128	-15.6206
0.03136	-29.7576
0.03144	-40.1742
0.03152	-46.1266
0.0316	-46.8707
0.03168	-40.9183
0.03176	-29.7576
0.03184	-14.1325
0.03192	-2.22779
0.032	0.7484
0.03208	-7.43613
0.03216	-20.0849
0.03224	-27.5254
0.03232	-23.8052
0.0324	-12.6444
0.03248	0.004352
0.03256	6.70078
0.03264	7.44483
0.03272	2.98054
0.0328	-2.97184
0.03288	-11.1563
0.03296	-19.3409
0.03304	-26.0373
0.03312	-28.2695
0.0332	-25.2933
0.03328	-17.8528
0.03336	-9.66827
0.03344	-4.45994
0.03352	-4.45994
0.0336	-7.43613
0.03368	-11.1563
0.03376	-12.6444
0.03384	-11.9004
0.03392	-9.66827
0.034	-6.69208
0.03408	-5.94803
0.03416	-5.94803
0.03424	-7.43613
0.03432	-11.1563
0.0344	-17.8528
0.03448	-26.0373
0.03456	-34.9659
0.03464	-40.9183
0.03472	-40.9183
0.0348	-35.71
0.03488	-27.5254
0.03496	-20.0849
0.03504	-14.8766
0.03512	-11.1563
0.0352	-10.4123
0.03528	-11.1563
0.03536	-13.3885
0.03544	-16.3647
0.03552	-19.3409
0.0356	-19.3409
0.03568	-15.6206
0.03576	-8.92422
0.03584	-2.97184
0.03592	0.7484
0.036	0.004352
0.03608	-5.20398
0.03616	-12.6444
0.03624	-18.5968
0.03632	-22.3171
0.0364	-20.829
0.03648	-17.1088
0.03656	-12.6444
0.03664	-10.4123
0.03672	-11.9004
0.0368	-14.8766
0.03688	-14.8766
0.03696	-11.1563
0.03704	-8.18018
0.03712	-10.4123
0.0372	-17.8528
0.03728	-25.2933
0.03736	-26.7814
0.03744	-20.0849
0.03752	-9.66827
0.0376	0.004352
0.03768	2.98054
0.03776	-0.739696
0.03784	-8.18018
0.03792	-17.1088
0.038	-23.0611
0.03808	-23.8052
0.03816	-20.829
0.03824	-14.8766
0.03832	-8.92422
0.0384	-6.69208
0.03848	-5.20398
0.03856	-5.20398
0.03864	-5.94803
0.03872	-8.18018
0.0388	-11.9004
0.03888	-14.8766
0.03896	-16.3647
0.03904	-15.6206
0.03912	-14.8766
0.0392	-14.8766
0.03928	-14.1325
0.03936	-17.1088
0.03944	-20.0849
0.03952	-23.8052
0.0396	-25.2933
0.03968	-23.0611
0.03976	-17.1088
0.03984	-8.92422
0.03992	0.7484
0.04	8.93293
0.04008	12.6531
0.04016	7.44483
0.04024	-5.94803
0.04032	-21.573
0.0404	-32.7338
0.04048	-34.2219
0.04056	-28.2695
0.04064	-17.8528
0.04072	-9.66827
0.0408	-7.43613
0.04088	-9.66827
0.04096	-14.1325
0.04104	-15.6206
0.04112	-13.3885
0.0412	-8.92422
0.04128	-3.71589
0.04136	-2.97184
0.04144	-5.20398
0.04152	-9.66827
0.0416	-14.1325
0.04168	-16.3647
0.04176	-14.1325
0.04184	-8.92422
0.04192	-2.97184
0.042	-0.739696
0.04208	-2.22779
0.04216	-8.18018
0.04224	-14.8766
0.04232	-20.829
0.0424	-23.0611
0.04248	-23.0611
0.04256	-22.3171
0.04264	-21.573
0.04272	-20.0849
0.0428	-16.3647
0.04288	-11.1563
0.04296	-6.69208
0.04304	-5.94803
0.04312	-8.92422
0.0432	-11.1563
0.04328	-11.9004
0.04336	-10.4123
0.04344	-8.92422
0.04352	-9.66827
0.0436	-11.1563
0.04368	-11.9004
0.04376	-10.4123
0.04384	-6.69208
0.04392	-3.71589
0.044	-2.97184
0.04408	-6.69208
0.04416	-12.6444
0.04424	-19.3409
0.04432	-23.8052
0.0444	-23.8052
0.04448	-20.0849
0.04456	-14.8766
0.04464	-10.4123
0.04472	-8.18018
0.0448	-6.69208
0.04488	-8.18018
0.04496	-8.92422
0.04504	-8.92422
0.04512	-8.18018
0.0452	-7.43613
0.04528	-5.94803
0.04536	-6.69208
0.04544	-9.66827
0.04552	-13.3885
0.0456	-17.1088
0.04568	-18.5968
0.04576	-17.1088
0.04584	-14.1325
0.04592	-10.4123
0.046	-8.92422
0.04608	-10.4123
0.04616	-12.6444
0.04624	-14.8766
0.04632	-16.3647
0.0464	-18.5968
0.04648	-20.829
0.04656	-22.3171
0.04664	-21.573
0.04672	-17.8528
0.0468	-13.3885
0.04688	-10.4123
0.04696	-11.1563
0.04704	-15.6206
0.04712	-20.829
0.0472	-25.2933
0.04728	-26.0373
0.04736	-23.8052
0.04744	-18.5968
0.04752	-14.8766
0.0476	-13.3885
0.04768	-15.6206
0.04776	-19.3409
0.04784	-22.3171
0.04792	-22.3171
0.048	-21.573
0.04808	-20.0849
0.04816	-18.5968
0.04824	-17.8528
0.04832	-17.1088
0.0484	-15.6206
0.04848	-14.1325
0.04856	-14.1325
0.04864	-14.8766
0.04872	-16.3647
0.0488	-17.8528
0.04888	-19.3409
0.04896	-21.573
0.04904	-22.3171
0.04912	-21.573
0.0492	-17.8528
0.04928	-11.9004
0.04936	-8.18018
0.04944	-8.18018
0.04952	-13.3885
0.0496	-18.5968
0.04968	-20.829
0.04976	-19.3409
0.04984	-17.1088
0.04992	-16.3647
0.05	-17.1088
0.05008	-16.3647
0.05016	-15.6206
0.05024	-11.9004
0.05032	-9.66827
0.0504	-10.4123
0.05048	-11.9004
0.05056	-15.6206
0.05064	-17.8528
0.05072	-17.8528
0.0508	-17.1088
0.05088	-17.1088
0.05096	-16.3647
0.05104	-15.6206
0.05112	-15.6206
0.0512	-15.6206
0.05128	-17.1088
0.05136	-20.0849
0.05144	-23.0611
0.05152	-23.0611
0.0516	-20.0849
0.05168	-15.6206
0.05176	-11.1563
0.05184	-8.92422
0.05192	-7.43613
0.052	-8.18018
0.05208	-8.18018
0.05216	-8.18018
0.05224	-9.66827
0.05232	-12.6444
0.0524	-14.8766
0.05248	-13.3885
0.05256	-10.4123
0.05264	-6.69208
0.05272	-5.94803
0.0528	-8.92422
0.05288	-12.6444
0.05296	-14.8766
0.05304	-15.6206
0.05312	-13.3885
0.0532	-11.9004
0.05328	-12.6444
0.05336	-14.8766
0.05344	-14.8766
0.05352	-11.9004
0.0536	-8.18018
0.05368	-6.69208
0.05376	-9.66827
0.05384	-14.8766
0.05392	-19.3409
0.054	-20.0849
0.05408	-17.8528
0.05416	-13.3885
0.05424	-10.4123
0.05432	-8.92422
0.0544	-8.92422
0.05448	-8.92422
0.05456	-8.92422
0.05464	-10.4123
0.05472	-12.6444
0.0548	-14.8766
0.05488	-15.6206
0.05496	-14.1325
0.05504	-11.9004
0.05512	-10.4123
0.0552	-11.1563
0.05528	-11.9004
0.05536	-12.6444
0.05544	-11.9004
0.05552	-11.9004
0.0556	-11.9004
0.05568	-12.6444
0.05576	-14.1325
0.05584	-14.1325
0.05592	-13.3885
0.056	-12.6444
0.05608	-12.6444
0.05616	-14.1325
0.05624	-14.8766
0.05632	-14.8766
0.0564	-13.3885
0.05648	-12.6444
0.05656	-11.1563
0.05664	-11.1563
0.05672	-10.4123
0.0568	-9.66827
0.05688	-8.92422
0.05696	-9.66827
0.05704	-11.1563
0.05712	-13.3885
0.0572	-14.1325
0.05728	-14.1325
0.05736	-13.3885
0.05744	-11.9004
0.05752	-11.1563
0.0576	-8.18018
0.05768	-6.69208
0.05776	-7.43613
0.05784	-10.4123
0.05792	-12.6444
0.058	-12.6444
0.05808	-9.66827
0.05816	-6.69208
0.05824	-6.69208
0.05832	-10.4123
0.0584	-14.8766
0.05848	-17.1088
0.05856	-16.3647
0.05864	-15.6206
0.05872	-14.8766
0.0588	-15.6206
0.05888	-15.6206
0.05896	-13.3885
0.05904	-10.4123
0.05912	-6.69208
0.0592	-6.69208
0.05928	-9.66827
0.05936	-13.3885
0.05944	-14.8766
0.05952	-13.3885
0.0596	-11.9004
0.05968	-10.4123
0.05976	-10.4123
0.05984	-10.4123
0.05992	-9.66827
0.06	-8.92422
0.06008	-9.66827
0.06016	-9.66827
0.06024	-9.66827
0.06032	-10.4123
0.0604	-9.66827
0.06048	-10.4123
0.06056	-9.66827
0.06064	-8.18018
0.06072	-7.43613
0.0608	-7.43613
0.06088	-8.92422
0.06096	-11.1563
0.06104	-13.3885
0.06112	-12.6444
0.0612	-10.4123
0.06128	-7.43613
0.06136	-6.69208
0.06144	-9.66827
0.06152	-14.1325
0.0616	-16.3647
0.06168	-14.8766
0.06176	-12.6444
0.06184	-9.66827
0.06192	-9.66827
0.062	-11.9004
0.06208	-14.1325
0.06216	-14.1325
0.06224	-13.3885
0.06232	-11.9004
0.0624	-11.9004
0.06248	-15.6206
0.06256	-19.3409
0.06264	-21.573
0.06272	-20.0849
0.0628	-16.3647
0.06288	-12.6444
0.06296	-11.1563
0.06304	-12.6444
0.06312	-16.3647
0.0632	-18.5968
0.06328	-18.5968
0.06336	-17.8528
0.06344	-15.6206
0.06352	-11.9004
0.0636	-8.18018
0.06368	-4.45994
0.06376	-3.71589
0.06384	-6.69208
0.06392	-11.1563
0.064	-14.8766
0.06408	-15.6206
0.06416	-14.8766
0.06424	-16.3647
0.06432	-19.3409
0.0644	-21.573
0.06448	-19.3409
0.06456	-13.3885
0.06464	-7.43613
0.06472	-4.45994
0.0648	-6.69208
0.06488	-12.6444
0.06496	-18.5968
0.06504	-22.3171
0.06512	-23.8052
0.0652	-20.0849
0.06528	-14.1325
0.06536	-7.43613
0.06544	-2.97184
0.06552	-2.97184
0.0656	-9.66827
0.06568	-20.829
0.06576	-31.9897
0.06584	-34.2219
0.06592	-26.0373
0.066	-11.9004
0.06608	-3.71589
0.06616	-5.94803
0.06624	-17.1088
0.06632	-26.0373
0.0664	-26.0373
0.06648	-13.3885
0.06656	2.2365
0.06664	7.44483
0.06672	-3.71589
0.0668	-23.8052
0.06688	-38.6861
0.06696	-39.4302
0.06704	-24.5492
0.06712	-8.18018
0.0672	-1.48374
0.06728	-7.43613
0.06736	-19.3409
0.06744	-23.8052
0.06752	-17.1088
0.0676	-5.94803
0.06768	-0.739696
0.06776	-8.18018
0.06784	-21.573
0.06792	-30.5016
0.068	-27.5254
0.06808	-15.6206
0.06816	-3.71589
0.06824	-2.22779
0.06832	-8.92422
0.0684	-18.5968
0.06848	-23.0611
0.06856	-18.5968
0.06864	-10.4123
0.06872	-2.97184
0.0688	-2.97184
0.06888	-7.43613
0.06896	-13.3885
0.06904	-17.1088
0.06912	-17.1088
0.0692	-16.3647
0.06928	-15.6206
0.06936	-15.6206
0.06944	-16.3647
0.06952	-16.3647
0.0696	-13.3885
0.06968	-6.69208
0.06976	0.004352
0.06984	1.49245
0.06992	-5.20398
0.07	-17.1088
0.07008	-27.5254
0.07016	-30.5016
0.07024	-23.8052
0.07032	-14.8766
0.0704	-10.4123
0.07048	-10.4123
0.07056	-11.9004
0.07064	-9.66827
0.07072	-3.71589
0.0708	1.49245
0.07088	0.004352
0.07096	-8.92422
0.07104	-19.3409
0.07112	-24.5492
0.0712	-23.0611
0.07128	-16.3647
0.07136	-8.92422
0.07144	-5.94803
0.07152	-7.43613
0.0716	-10.4123
0.07168	-11.1563
0.07176	-11.1563
0.07184	-10.4123
0.07192	-11.1563
0.072	-12.6444
0.07208	-14.8766
0.07216	-14.1325
0.07224	-13.3885
0.07232	-13.3885
0.0724	-15.6206
0.07248	-20.829
0.07256	-26.0373
0.07264	-27.5254
0.07272	-24.5492
0.0728	-17.8528
0.07288	-9.66827
0.07296	-3.71589
0.07304	-1.48374
0.07312	-4.45994
0.0732	-11.1563
0.07328	-17.1088
0.07336	-20.829
0.07344	-20.0849
0.07352	-15.6206
0.0736	-9.66827
0.07368	-5.20398
0.07376	-4.45994
0.07384	-6.69208
0.07392	-11.9004
0.074	-16.3647
0.07408	-18.5968
0.07416	-17.8528
0.07424	-15.6206
0.07432	-11.9004
0.0744	-9.66827
0.07448	-9.66827
0.07456	-11.9004
0.07464	-15.6206
0.07472	-17.1088
0.0748	-16.3647
0.07488	-14.1325
0.07496	-10.4123
0.07504	-8.92422
0.07512	-8.92422
0.0752	-11.9004
0.07528	-18.5968
0.07536	-25.2933
0.07544	-31.2457
0.07552	-32.7338
0.0756	-28.2695
0.07568	-17.8528
0.07576	-5.94803
0.07584	1.49245
0.07592	-0.739696
0.076	-9.66827
0.07608	-19.3409
0.07616	-22.3171
0.07624	-18.5968
0.07632	-11.1563
0.0764	-4.45994
0.07648	-2.22779
0.07656	-5.20398
0.07664	-10.4123
0.07672	-14.8766
0.0768	-16.3647
0.07688	-16.3647
0.07696	-15.6206
0.07704	-15.6206
0.07712	-16.3647
0.0772	-17.1088
0.07728	-17.1088
0.07736	-16.3647
0.07744	-15.6206
0.07752	-12.6444
0.0776	-7.43613
0.07768	-2.97184
0.07776	-2.97184
0.07784	-7.43613
0.07792	-13.3885
0.078	-16.3647
0.07808	-15.6206
0.07816	-14.1325
0.07824	-13.3885
0.07832	-12.6444
0.0784	-13.3885
0.07848	-12.6444
0.07856	-11.9004
0.07864	-9.66827
0.07872	-8.92422
0.0788	-9.66827
0.07888	-11.9004
0.07896	-14.8766
0.07904	-14.8766
0.07912	-12.6444
0.0792	-10.4123
0.07928	-9.66827
0.07936	-11.9004
0.07944	-15.6206
0.07952	-17.8528
0.0796	-17.8528
0.07968	-13.3885
0.07976	-9.66827
0.07984	-7.43613
0.07992	-5.94803
0.08	-6.69208
0.08008	-8.92422
0.08016	-10.4123
0.08024	-12.6444
0.08032	-14.1325
0.0804	-14.8766
0.08048	-15.6206
0.08056	-14.1325
0.08064	-12.6444
0.08072	-10.4123
0.0808	-8.18018
0.08088	-5.20398
0.08096	-3.71589
0.08104	-2.97184
0.08112	-2.97184
0.0812	-2.97184
0.08128	-3.71589
0.08136	-4.45994
0.08144	-6.69208
0.08152	-10.4123
0.0816	-14.8766
0.08168	-17.1088
0.08176	-14.1325
0.08184	-8.18018
0.08192	-2.22779
0.082	0.004352
0.08208	-2.97184
0.08216	-8.18018
0.08224	-14.1325
0.08232	-15.6206
0.0824	-14.1325
0.08248	-11.9004
0.08256	-10.4123
0.08264	-11.1563
0.08272	-11.9004
0.0828	-11.1563
0.08288	-8.92422
0.08296	-5.94803
0.08304	-3.71589
0.08312	-4.45994
0.0832	-6.69208
0.08328	-8.92422
0.08336	-9.66827
0.08344	-10.4123
0.08352	-10.4123
0.0836	-11.1563
0.08368	-11.9004
0.08376	-11.9004
0.08384	-10.4123
0.08392	-8.18018
0.084	-6.69208
0.08408	-5.20398
0.08416	-5.94803
0.08424	-7.43613
0.08432	-8.92422
0.0844	-8.92422
0.08448	-8.18018
0.08456	-8.18018
0.08464	-8.92422
0.08472	-10.4123
0.0848	-11.9004
0.08488	-13.3885
0.08496	-13.3885
0.08504	-14.8766
0.08512	-14.8766
0.0852	-14.1325
0.08528	-13.3885
0.08536	-9.66827
0.08544	-6.69208
0.08552	-4.45994
0.0856	-2.97184
0.08568	-2.97184
0.08576	-4.45994
0.08584	-5.94803
0.08592	-7.43613
0.086	-8.92422
0.08608	-8.92422
0.08616	-8.92422
0.08624	-9.66827
0.08632	-8.18018
0.0864	-7.43613
0.08648	-7.43613
0.08656	-6.69208
0.08664	-7.43613
0.08672	-8.18018
0.0868	-9.66827
0.08688	-11.1563
0.08696	-12.6444
0.08704	-14.1325
0.08712	-14.1325
0.0872	-13.3885
0.08728	-11.1563
0.08736	-8.92422
0.08744	-5.20398
0.08752	-1.48374
0.0876	0.004352
0.08768	-1.48374
0.08776	-4.45994
0.08784	-8.18018
0.08792	-10.4123
0.088	-11.9004
0.08808	-11.1563
0.08816	-9.66827
0.08824	-7.43613
0.08832	-5.94803
0.0884	-5.20398
0.08848	-5.94803
0.08856	-6.69208
0.08864	-8.92422
0.08872	-11.9004
0.0888	-14.8766
0.08888	-15.6206
0.08896	-14.1325
0.08904	-10.4123
0.08912	-6.69208
0.0892	-3.71589
0.08928	-2.97184
0.08936	-2.97184
0.08944	-4.45994
0.08952	-5.20398
0.0896	-5.94803
0.08968	-5.94803
0.08976	-6.69208
0.08984	-8.18018
0.08992	-9.66827
0.09	-10.4123
0.09008	-8.92422
0.09016	-6.69208
0.09024	-4.45994
0.09032	-5.20398
0.0904	-6.69208
0.09048	-8.92422
0.09056	-10.4123
0.09064	-10.4123
0.09072	-10.4123
0.0908	-10.4123
0.09088	-11.9004
0.09096	-12.6444
0.09104	-12.6444
0.09112	-9.66827
0.0912	-5.94803
0.09128	-3.71589
0.09136	-3.71589
0.09144	-5.94803
0.09152	-9.66827
0.0916	-12.6444
0.09168	-14.1325
0.09176	-13.3885
0.09184	-11.9004
0.09192	-10.4123
0.092	-8.92422
0.09208	-8.18018
0.09216	-7.43613
0.09224	-7.43613
0.09232	-5.94803
0.0924	-4.45994
0.09248	-3.71589
0.09256	-4.45994
0.09264	-6.69208
0.09272	-9.66827
0.0928	-11.9004
0.09288	-11.9004
0.09296	-10.4123
0.09304	-8.92422
0.09312	-8.18018
0.0932	-8.92422
0.09328	-8.92422
0.09336	-7.43613
0.09344	-5.20398
0.09352	-2.22779
0.0936	-2.22779
0.09368	-4.45994
0.09376	-7.43613
0.09384	-9.66827
0.09392	-11.1563
0.094	-11.1563
0.09408	-10.4123
0.09416	-9.66827
0.09424	-9.66827
0.09432	-8.92422
0.0944	-8.18018
0.09448	-6.69208
0.09456	-5.20398
0.09464	-3.71589
0.09472	-3.71589
0.0948	-4.45994
0.09488	-5.94803
0.09496	-6.69208
0.09504	-7.43613
0.09512	-7.43613
0.0952	-7.43613
0.09528	-8.18018
0.09536	-9.66827
0.09544	-9.66827
0.09552	-8.92422
0.0956	-6.69208
0.09568	-5.20398
0.09576	-4.45994
0.09584	-3.71589
0.09592	-5.94803
0.096	-7.43613
0.09608	-7.43613
0.09616	-5.94803
0.09624	-4.45994
0.09632	-2.97184
0.0964	-3.71589
0.09648	-4.45994
0.09656	-5.94803
0.09664	-5.94803
0.09672	-5.20398
0.0968	-3.71589
0.09688	-3.71589
0.09696	-5.20398
0.09704	-6.69208
0.09712	-7.43613
0.0972	-5.94803
0.09728	-3.71589
0.09736	-2.22779
0.09744	-2.22779
0.09752	-3.71589
0.0976	-5.20398
0.09768	-6.69208
0.09776	-6.69208
0.09784	-6.69208
0.09792	-5.94803
0.098	-5.20398
0.09808	-4.45994
0.09816	-4.45994
0.09824	-3.71589
0.09832	-4.45994
0.0984	-5.20398
0.09848	-5.94803
0.09856	-5.94803
0.09864	-5.94803
0.09872	-4.45994
0.0988	-4.45994
0.09888	-2.97184
0.09896	-2.22779
0.09904	-0.739696
0.09912	0.004352
0.0992	-0.739696
0.09928	-3.71589
0.09936	-5.94803
0.09944	-8.18018
0.09952	-7.43613
0.0996	-5.94803
0.09968	-5.20398
0.09976	-5.94803
0.09984	-7.43613
0.09992	-8.18018
0.1	-5.94803
0.10008	-3.71589
0.10016	-0.739696
0.10024	0.004352
0.10032	-1.48374
0.1004	-4.45994
0.10048	-7.43613
0.10056	-8.92422
0.10064	-8.92422
0.10072	-7.43613
0.1008	-5.94803
0.10088	-4.45994
0.10096	-3.71589
0.10104	-2.97184
0.10112	-1.48374
0.1012	-1.48374
0.10128	-2.22779
0.10136	-3.71589
0.10144	-5.20398
0.10152	-6.69208
0.1016	-6.69208
0.10168	-5.94803
0.10176	-4.45994
0.10184	-5.20398
0.10192	-4.45994
0.102	-5.20398
0.10208	-4.45994
0.10216	-2.97184
0.10224	-2.22779
0.10232	-1.48374
0.1024	-2.22779
0.10248	-2.97184
0.10256	-4.45994
0.10264	-5.20398
0.10272	-5.20398
0.1028	-4.45994
0.10288	-4.45994
0.10296	-5.20398
0.10304	-5.20398
0.10312	-5.20398
0.1032	-5.20398
0.10328	-3.71589
0.10336	-2.97184
0.10344	-2.97184
0.10352	-2.97184
0.1036	-2.97184
0.10368	-2.97184
0.10376	-2.97184
0.10384	-3.71589
0.10392	-5.20398
0.104	-7.43613
0.10408	-9.66827
0.10416	-10.4123
0.10424	-8.92422
0.10432	-7.43613
0.1044	-5.20398
0.10448	-2.97184
0.10456	-2.22779
0.10464	-2.22779
0.10472	-2.97184
0.1048	-2.97184
0.10488	-2.97184
0.10496	-2.97184
0.10504	-2.97184
0.10512	-3.71589
0.1052	-3.71589
0.10528	-3.71589
0.10536	-2.22779
0.10544	-0.739696
0.10552	0.004352
0.1056	-0.739696
0.10568	-2.22779
0.10576	-3.71589
0.10584	-4.45994
0.10592	-5.94803
0.106	-7.43613
0.10608	-8.92422
0.10616	-8.92422
0.10624	-8.18018
0.10632	-6.69208
0.1064	-5.20398
0.10648	-2.97184
0.10656	-0.739696
0.10664	0.7484
0.10672	1.49245
0.1068	0.7484
0.10688	-0.739696
0.10696	-2.97184
0.10704	-5.20398
0.10712	-6.69208
0.1072	-5.94803
0.10728	-5.20398
0.10736	-4.45994
0.10744	-3.71589
0.10752	-3.71589
0.1076	-2.97184
0.10768	-1.48374
0.10776	-0.739696
0.10784	-1.48374
0.10792	-2.22779
0.108	-3.71589
0.10808	-5.20398
0.10816	-5.94803
0.10824	-5.94803
0.10832	-5.94803
0.1084	-5.94803
0.10848	-4.45994
0.10856	-2.97184
0.10864	-0.739696
0.10872	-0.739696
0.1088	-1.48374
0.10888	-2.97184
0.10896	-4.45994
0.10904	-5.20398
0.10912	-5.94803
0.1092	-5.20398
0.10928	-4.45994
0.10936	-3.71589
0.10944	-2.97184
0.10952	-1.48374
0.1096	-0.739696
0.10968	-0.739696
0.10976	-0.739696
0.10984	-0.739696
0.10992	-1.48374
0.11	-2.22779
0.11008	-2.22779
0.11016	-2.97184
0.11024	-4.45994
0.11032	-5.20398
0.1104	-5.94803
0.11048	-6.69208
0.11056	-5.94803
0.11064	-4.45994
0.11072	-2.22779
0.1108	0.004352
0.11088	0.004352
0.11096	-0.739696
0.11104	-2.22779
0.11112	-3.71589
0.1112	-3.71589
0.11128	-2.22779
0.11136	-1.48374
0.11144	-2.22779
0.11152	-4.45994
0.1116	-5.94803
0.11168	-5.94803
0.11176	-5.20398
0.11184	-3.71589
0.11192	-2.97184
0.112	-2.97184
0.11208	-3.71589
0.11216	-5.20398
0.11224	-3.71589
0.11232	-2.22779
0.1124	-0.739696
0.11248	0.004352
0.11256	-0.739696
0.11264	-2.22779
0.11272	-2.22779
0.1128	-2.22779
0.11288	-1.48374
0.11296	-1.48374
0.11304	-2.97184
0.11312	-3.71589
0.1132	-4.45994
0.11328	-4.45994
0.11336	-2.97184
0.11344	-2.97184
0.11352	-3.71589
0.1136	-4.45994
0.11368	-4.45994
0.11376	-4.45994
0.11384	-3.71589
0.11392	-2.22779
0.114	0.004352
0.11408	0.7484
0.11416	1.49245
0.11424	2.2365
0.11432	1.49245
0.1144	0.7484
0.11448	-0.739696
0.11456	-2.22779
0.11464	-3.71589
0.11472	-4.45994
0.1148	-4.45994
0.11488	-4.45994
0.11496	-3.71589
0.11504	-2.97184
0.11512	-2.22779
0.1152	-0.739696
0.11528	0.7484
0.11536	2.2365
0.11544	2.2365
0.11552	1.49245
0.1156	0.7484
0.11568	-0.739696
0.11576	-1.48374
0.11584	-2.97184
0.11592	-3.71589
0.116	-3.71589
0.11608	-2.97184
0.11616	-1.48374
0.11624	-0.739696
0.11632	-0.739696
0.1164	-0.739696
0.11648	0.004352
0.11656	0.004352
0.11664	0.7484
0.11672	0.004352
0.1168	-2.22779
0.11688	-5.94803
0.11696	-7.43613
0.11704	-7.43613
0.11712	-6.69208
0.1172	-4.45994
0.11728	-2.97184
0.11736	-2.22779
0.11744	-2.22779
0.11752	-1.48374
0.1176	-0.739696
0.11768	-0.739696
0.11776	-1.48374
0.11784	-3.71589
0.11792	-5.94803
0.118	-6.69208
0.11808	-5.20398
0.11816	-4.45994
0.11824	-3.71589
0.11832	-2.97184
0.1184	-2.97184
0.11848	-2.97184
0.11856	-2.97184
0.11864	-2.97184
0.11872	-2.22779
0.1188	-2.22779
0.11888	-2.22779
0.11896	-2.97184
0.11904	-2.22779
0.11912	-2.97184
0.1192	-2.97184
0.11928	-3.71589
0.11936	-2.97184
0.11944	-2.97184
0.11952	-2.22779
0.1196	-2.22779
0.11968	-2.22779
0.11976	-2.22779
0.11984	-2.22779
0.11992	-2.22779
0.12	-2.97184
0.12008	-2.97184
0.12016	-2.97184
0.12024	-2.97184
0.12032	-2.97184
0.1204	-2.22779
0.12048	-2.22779
0.12056	-1.48374
0.12064	-0.739696
0.12072	-0.739696
0.1208	0.004352
0.12088	-0.739696
0.12096	-0.739696
0.12104	-2.97184
0.12112	-2.97184
0.1212	-2.97184
0.12128	-2.97184
0.12136	-2.97184
0.12144	-2.97184
0.12152	-2.97184
0.1216	-2.22779
0.12168	-2.22779
0.12176	-2.22779
0.12184	-2.22779
0.12192	-1.48374
0.122	0.004352
0.12208	0.7484
0.12216	1.49245
0.12224	0.7484
0.12232	-0.739696
0.1224	-1.48374
0.12248	-2.22779
0.12256	-2.97184
0.12264	-2.97184
0.12272	-3.71589
0.1228	-2.22779
0.12288	-0.739696
0.12296	0.004352
0.12304	0.7484
0.12312	-0.739696
0.1232	-2.22779
0.12328	-2.97184
0.12336	-1.48374
0.12344	0.004352
0.12352	0.7484
0.1236	0.7484
0.12368	-0.739696
0.12376	-1.48374
0.12384	-2.22779
0.12392	-1.48374
0.124	-1.48374
0.12408	-1.48374
0.12416	-1.48374
0.12424	-0.739696
0.12432	0.7484
0.1244	1.49245
0.12448	1.49245
0.12456	1.49245
0.12464	0.7484
0.12472	0.004352
0.1248	0.004352
0.12488	0.004352
0.12496	0.004352
0.12504	0.004352
0.12512	0.7484
0.1252	1.49245
0.12528	0.7484
0.12536	-0.739696
0.12544	-1.48374
0.12552	-2.22779
0.1256	-2.22779
0.12568	-0.739696
0.12576	0.004352
0.12584	0.7484
0.12592	0.004352
0.126	-0.739696
0.12608	-0.739696
0.12616	-0.739696
0.12624	-0.739696
0.12632	-0.739696
0.1264	-0.739696
0.12648	-0.739696
0.12656	0.7484
0.12664	0.7484
0.12672	1.49245
0.1268	0.7484
0.12688	-0.739696
0.12696	-2.22779
0.12704	-2.97184
0.12712	-2.97184
0.1272	-2.22779
0.12728	-1.48374
0.12736	-0.739696
0.12744	0.004352
0.12752	-0.739696
0.1276	-0.739696
0.12768	0.004352
0.12776	0.004352
0.12784	0.7484
0.12792	0.7484
0.128	0.004352
0.12808	0.004352
0.12816	0.004352
0.12824	-0.739696
0.12832	-0.739696
0.1284	-0.739696
0.12848	-0.739696
0.12856	-0.739696
0.12864	-0.739696
0.12872	-1.48374
0.1288	-0.739696
0.12888	0.004352
0.12896	0.004352
0.12904	0.004352
0.12912	-0.739696
0.1292	-2.22779
0.12928	-2.97184
0.12936	-2.22779
0.12944	-0.739696
0.12952	0.004352
0.1296	0.004352
0.12968	0.004352
0.12976	-0.739696
0.12984	-0.739696
0.12992	-0.739696
0.13	-0.739696
0.13008	-1.48374
0.13016	-2.22779
0.13024	-2.97184
0.13032	-2.97184
0.1304	-2.22779
0.13048	-1.48374
0.13056	-0.739696
0.13064	-0.739696
0.13072	-0.739696
0.1308	-0.739696
0.13088	-0.739696
0.13096	-0.739696
0.13104	0.004352
0.13112	0.004352
0.1312	0.004352
0.13128	0.004352
0.13136	-0.739696
0.13144	-2.22779
0.13152	-3.71589
0.1316	-3.71589
0.13168	-3.71589
0.13176	-2.22779
0.13184	-1.48374
0.13192	-0.739696
0.132	-0.739696
0.13208	-1.48374
0.13216	-0.739696
0.13224	0.004352
0.13232	0.7484
0.1324	1.49245
0.13248	1.49245
0.13256	1.49245
0.13264	0.7484
0.13272	0.004352
0.1328	-0.739696
0.13288	-1.48374
0.13296	-0.739696
0.13304	0.004352
0.13312	0.7484
0.1332	0.7484
0.13328	0.7484
0.13336	0.004352
0.13344	-0.739696
0.13352	-0.739696
0.1336	-0.739696
0.13368	0.004352
0.13376	0.004352
0.13384	0.004352
0.13392	0.004352
0.134	0.004352
0.13408	0.004352
0.13416	-0.739696
0.13424	-0.739696
0.13432	-0.739696
0.1344	0.004352
0.13448	-0.739696
0.13456	-0.739696
0.13464	-1.48374
0.13472	-2.22779
0.1348	-2.22779
0.13488	-1.48374
0.13496	-0.739696
0.13504	0.004352
0.13512	0.7484
0.1352	0.7484
0.13528	0.004352
0.13536	-0.739696
0.13544	-0.739696
0.13552	-0.739696
0.1356	-0.739696
0.13568	-0.739696
0.13576	0.004352
0.13584	0.004352
0.13592	0.004352
0.136	0.004352
0.13608	0.004352
0.13616	0.004352
0.13624	0.004352
0.13632	-0.739696
0.1364	0.004352
0.13648	0.004352
0.13656	0.004352
0.13664	0.004352
0.13672	0.7484
0.1368	0.7484
0.13688	0.7484
0.13696	0.7484
0.13704	0.7484
0.13712	0.004352
0.1372	0.004352
0.13728	0.004352
0.13736	0.004352
0.13744	-0.739696
0.13752	-0.739696
0.1376	-0.739696
0.13768	0.004352
0.13776	0.004352
0.13784	0.7484
0.13792	0.7484
0.138	0.004352
0.13808	-0.739696
0.13816	-0.739696
0.13824	0.004352
0.13832	0.7484
0.1384	1.49245
0.13848	0.7484
0.13856	0.004352
0.13864	-0.739696
0.13872	-1.48374
0.1388	-2.22779
0.13888	-1.48374
0.13896	-1.48374
0.13904	-1.48374
0.13912	-0.739696
0.1392	-0.739696
0.13928	0.004352
0.13936	0.7484
0.13944	0.7484
0.13952	0.7484
0.1396	0.7484
0.13968	0.004352
0.13976	0.004352
0.13984	-0.739696
0.13992	-1.48374
0.14	-2.22779
0.14008	-2.22779
0.14016	-1.48374
0.14024	-1.48374
0.14032	-0.739696
0.1404	-0.739696
0.14048	0.004352
0.14056	0.7484
0.14064	0.7484
0.14072	0.004352
0.1408	0.004352
0.14088	-0.739696
0.14096	-0.739696
0.14104	0.004352
0.14112	0.004352
0.1412	0.004352
0.14128	0.004352
0.14136	-0.739696
0.14144	-0.739696
0.14152	0.004352
0.1416	0.004352
0.14168	0.004352
0.14176	0.004352
0.14184	0.004352
0.14192	0.004352
0.142	-0.739696
0.14208	-0.739696
0.14216	0.004352
0.14224	0.004352
0.14232	0.7484
0.1424	0.7484
0.14248	0.7484
0.14256	0.004352
0.14264	-0.739696
0.14272	-0.739696
0.1428	-0.739696
0.14288	-0.739696
0.14296	-1.48374
0.14304	-0.739696
0.14312	-0.739696
0.1432	0.004352
0.14328	0.7484
0.14336	0.7484
0.14344	0.004352
0.14352	-0.739696
0.1436	-2.22779
0.14368	-2.22779
0.14376	-0.739696
0.14384	0.7484
0.14392	1.49245
0.144	1.49245
0.14408	0.004352
0.14416	-0.739696
0.14424	-1.48374
0.14432	-0.739696
0.1444	0.004352
0.14448	0.7484
0.14456	0.7484
0.14464	-0.739696
0.14472	-0.739696
0.1448	-1.48374
0.14488	-0.739696
0.14496	0.004352
0.14504	0.004352
0.14512	0.004352
0.1452	0.004352
0.14528	0.004352
0.14536	0.004352
0.14544	0.004352
0.14552	0.7484
0.1456	0.7484
0.14568	0.004352
0.14576	-0.739696
0.14584	-1.48374
0.14592	-0.739696
0.146	-0.739696
0.14608	0.004352
0.14616	0.7484
0.14624	1.49245
0.14632	1.49245
0.1464	1.49245
0.14648	0.7484
0.14656	0.004352
0.14664	-0.739696
0.14672	-0.739696
0.1468	-0.739696
0.14688	0.004352
0.14696	0.7484
0.14704	0.7484
0.14712	0.7484
0.1472	0.7484
0.14728	0.004352
0.14736	-0.739696
0.14744	-0.739696
0.14752	-0.739696
0.1476	0.004352
0.14768	0.004352
0.14776	-0.739696
0.14784	-1.48374
0.14792	-1.48374
0.148	-0.739696
0.14808	0.004352
0.14816	0.7484
0.14824	0.7484
0.14832	1.49245
0.1484	0.7484
0.14848	1.49245
0.14856	2.2365
0.14864	1.49245
0.14872	0.004352
0.1488	-0.739696
0.14888	-2.22779
0.14896	-2.22779
0.14904	-1.48374
0.14912	-0.739696
0.1492	0.7484
0.14928	0.7484
0.14936	0.004352
0.14944	0.004352
0.14952	0.004352
0.1496	0.7484
0.14968	1.49245
0.14976	1.49245
0.14984	0.7484
0.14992	0.004352
0.15	-0.739696
0.15008	-1.48374
0.15016	-1.48374
0.15024	-0.739696
0.15032	0.004352
0.1504	0.7484
0.15048	0.7484
0.15056	0.004352
0.15064	-0.739696
0.15072	-0.739696
0.1508	0.7484
0.15088	1.49245
0.15096	1.49245
0.15104	0.7484
0.15112	-0.739696
0.1512	-2.97184
0.15128	-2.22779
0.15136	0.004352
0.15144	1.49245
0.15152	2.98054
0.1516	2.2365
0.15168	0.7484
0.15176	0.004352
0.15184	0.004352
0.15192	0.7484
0.152	0.7484
0.15208	-0.739696
0.15216	-1.48374
0.15224	-2.97184
0.15232	-2.97184
0.1524	-1.48374
0.15248	0.004352
0.15256	0.7484
0.15264	0.7484
0.15272	0.7484
0.1528	0.7484
0.15288	0.004352
0.15296	0.004352
0.15304	-0.739696
0.15312	-0.739696
0.1532	-0.739696
0.15328	-0.739696
0.15336	-0.739696
0.15344	-0.739696
0.15352	-0.739696
0.1536	-0.739696
0.15368	-0.739696
0.15376	-0.739696
0.15384	0.004352
0.15392	0.7484
0.154	1.49245
0.15408	2.2365
0.15416	2.98054
0.15424	2.2365
0.15432	0.7484
0.1544	-0.739696
0.15448	-2.22779
0.15456	-2.97184
0.15464	-2.97184
0.15472	-2.22779
0.1548	-2.22779
0.15488	-0.739696
0.15496	0.7484
0.15504	2.2365
0.15512	2.98054
0.1552	2.2365
0.15528	1.49245
0.15536	0.004352
0.15544	-1.48374
0.15552	-1.48374
0.1556	0.004352
0.15568	0.7484
0.15576	1.49245
0.15584	0.7484
0.15592	0.004352
0.156	-0.739696
0.15608	-1.48374
0.15616	-0.739696
0.15624	0.004352
0.15632	0.7484
0.1564	1.49245
0.15648	0.7484
0.15656	0.004352
0.15664	-0.739696
0.15672	-1.48374
0.1568	-0.739696
0.15688	-0.739696
0.15696	0.004352
0.15704	-0.739696
0.15712	-1.48374
0.1572	-1.48374
0.15728	-0.739696
0.15736	0.004352
0.15744	1.49245
0.15752	0.7484
0.1576	0.004352
0.15768	-0.739696
0.15776	-2.22779
0.15784	-1.48374
0.15792	0.004352
0.158	2.2365
0.15808	2.2365
0.15816	1.49245
0.15824	-0.739696
0.15832	-2.22779
0.1584	-2.97184
0.15848	-0.739696
0.15856	1.49245
0.15864	1.49245
0.15872	1.49245
0.1588	0.004352
0.15888	-0.739696
0.15896	-0.739696
0.15904	0.004352
0.15912	0.7484
0.1592	0.7484
0.15928	-0.739696
0.15936	-2.22779
0.15944	-2.97184
0.15952	-1.48374
0.1596	0.7484
0.15968	2.2365
0.15976	2.98054
0.15984	2.2365
0.15992	0.004352
0.16	-0.739696
0.16008	-2.22779
0.16016	-2.22779
0.16024	-2.22779
0.16032	-1.48374
0.1604	-0.739696
0.16048	-0.739696
0.16056	-0.739696
0.16064	0.004352
0.16072	0.7484
0.1608	0.7484
0.16088	1.49245
0.16096	0.7484
0.16104	0.004352
0.16112	-0.739696
0.1612	-0.739696
0.16128	-0.739696
0.16136	0.004352
0.16144	-0.739696
0.16152	-1.48374
0.1616	-1.48374
0.16168	-1.48374
0.16176	-0.739696
0.16184	0.004352
0.16192	0.7484
0.162	1.49245
0.16208	1.49245
0.16216	0.7484
0.16224	0.004352
0.16232	0.004352
0.1624	-0.739696
0.16248	-0.739696
0.16256	0.004352
0.16264	0.004352
0.16272	0.004352
0.1628	0.004352
0.16288	-0.739696
0.16296	-1.48374
0.16304	-2.22779
0.16312	-2.22779
0.1632	-1.48374
0.16328	-0.739696
0.16336	0.7484
0.16344	1.49245
0.16352	1.49245
0.1636	0.7484
0.16368	0.004352
0.16376	-0.739696
0.16384	-0.739696
0.16392	-0.739696
0.164	-0.739696
0.16408	0.004352
0.16416	0.7484
0.16424	0.004352
0.16432	0.004352
0.1644	-0.739696
0.16448	-0.739696
0.16456	0.004352
0.16464	0.004352
0.16472	0.004352
0.1648	0.004352
0.16488	-0.739696
0.16496	-0.739696
0.16504	0.004352
0.16512	0.004352
0.1652	0.004352
0.16528	0.004352
0.16536	-0.739696
0.16544	-1.48374
0.16552	-1.48374
0.1656	-0.739696
0.16568	0.7484
0.16576	1.49245
0.16584	0.7484
0.16592	0.004352
0.166	-0.739696
0.16608	-2.22779
0.16616	-2.22779
0.16624	-0.739696
0.16632	-0.739696
0.1664	0.004352
0.16648	0.004352
0.16656	0.004352
0.16664	0.004352
0.16672	-0.739696
0.1668	-0.739696
0.16688	-0.739696
0.16696	0.004352
0.16704	0.004352
0.16712	0.004352
0.1672	-0.739696
0.16728	-1.48374
0.16736	-0.739696
0.16744	0.004352
0.16752	1.49245
0.1676	1.49245
0.16768	0.7484
0.16776	0.004352
0.16784	-0.739696
0.16792	-0.739696
0.168	0.004352
0.16808	0.004352
0.16816	0.004352
0.16824	0.004352
0.16832	-0.739696
0.1684	-0.739696
0.16848	-0.739696
0.16856	-0.739696
0.16864	0.004352
0.16872	0.004352
0.1688	-0.739696
0.16888	-0.739696
0.16896	-1.48374
0.16904	-1.48374
0.16912	-1.48374
0.1692	-0.739696
0.16928	0.004352
0.16936	0.7484
0.16944	0.7484
0.16952	0.004352
0.1696	-0.739696
0.16968	-0.739696
0.16976	-0.739696
0.16984	-0.739696
0.16992	-0.739696
0.17	-1.48374
0.17008	-1.48374
0.17016	-2.22779
0.17024	-1.48374
0.17032	-0.739696
0.1704	0.004352
0.17048	0.7484
0.17056	0.004352
0.17064	-0.739696
0.17072	-0.739696
0.1708	-0.739696
0.17088	0.004352
0.17096	0.004352
0.17104	0.004352
0.17112	0.004352
0.1712	-0.739696
0.17128	-1.48374
0.17136	-0.739696
0.17144	-0.739696
0.17152	0.7484
0.1716	0.7484
0.17168	1.49245
0.17176	0.7484
0.17184	-0.739696
0.17192	-1.48374
0.172	-1.48374
0.17208	-0.739696
0.17216	0.004352
0.17224	0.7484
0.17232	0.7484
0.1724	0.004352
0.17248	-0.739696
0.17256	-1.48374
0.17264	-1.48374
0.17272	-1.48374
0.1728	-0.739696
0.17288	0.004352
0.17296	0.004352
0.17304	-0.739696
0.17312	0.004352
0.1732	0.7484
0.17328	0.7484
0.17336	1.49245
0.17344	0.7484
0.17352	0.7484
0.1736	0.004352
0.17368	0.004352
0.17376	0.004352
0.17384	-0.739696
0.17392	-0.739696
0.174	-0.739696
0.17408	0.004352
0.17416	0.7484
0.17424	0.7484
0.17432	0.004352
0.1744	-0.739696
0.17448	-1.48374
0.17456	-1.48374
0.17464	-2.22779
0.17472	-1.48374
0.1748	-0.739696
0.17488	0.004352
0.17496	0.7484
0.17504	1.49245
0.17512	1.49245
0.1752	0.004352
0.17528	-0.739696
0.17536	-2.22779
0.17544	-2.22779
0.17552	-1.48374
0.1756	-0.739696
0.17568	0.004352
0.17576	-0.739696
0.17584	-1.48374
0.17592	-2.22779
0.176	-0.739696
0.17608	0.004352
0.17616	2.98054
0.17624	3.72459
0.17632	4.46864
0.1764	2.98054
0.17648	0.7484
0.17656	-1.48374
0.17664	-2.97184
0.17672	-3.71589
0.1768	-3.71589
0.17688	-2.97184
0.17696	-1.48374
0.17704	0.004352
0.17712	0.7484
0.1772	0.7484
0.17728	1.49245
0.17736	1.49245
0.17744	1.49245
0.17752	1.49245
0.1776	0.7484
0.17768	0.7484
0.17776	0.004352
0.17784	0.7484
0.17792	0.004352
0.178	0.004352
0.17808	-0.739696
0.17816	-1.48374
0.17824	-2.97184
0.17832	-2.97184
0.1784	-2.97184
0.17848	-1.48374
0.17856	0.004352
0.17864	1.49245
0.17872	2.2365
0.1788	2.98054
0.17888	2.2365
0.17896	2.2365
0.17904	1.49245
0.17912	0.004352
0.1792	-0.739696
0.17928	-2.22779
0.17936	-2.97184
0.17944	-2.22779
0.17952	-1.48374
0.1796	-0.739696
0.17968	-0.739696
0.17976	-0.739696
0.17984	-0.739696
0.17992	-0.739696
0.18	0.004352
0.18008	0.7484
0.18016	1.49245
0.18024	0.7484
0.18032	0.004352
0.1804	-1.48374
0.18048	-2.22779
0.18056	-2.97184
0.18064	-1.48374
0.18072	0.7484
0.1808	1.49245
0.18088	2.2365
0.18096	0.7484
0.18104	-1.48374
0.18112	-2.97184
0.1812	-2.22779
0.18128	-0.739696
0.18136	0.7484
0.18144	1.49245
0.18152	0.7484
0.1816	0.004352
0.18168	-0.739696
0.18176	-1.48374
0.18184	-0.739696
0.18192	0.7484
0.182	1.49245
0.18208	2.2365
0.18216	1.49245
0.18224	1.49245
0.18232	0.7484
0.1824	0.004352
0.18248	-0.739696
0.18256	-1.48374
0.18264	-2.22779
0.18272	-2.22779
0.1828	-2.22779
0.18288	-2.22779
0.18296	-1.48374
0.18304	0.004352
0.18312	1.49245
0.1832	2.2365
0.18328	2.2365
0.18336	2.2365
0.18344	1.49245
0.18352	1.49245
0.1836	1.49245
0.18368	0.7484
0.18376	-0.739696
0.18384	-1.48374
0.18392	-2.97184
0.184	-2.97184
0.18408	-1.48374
0.18416	0.004352
0.18424	0.7484
0.18432	1.49245
0.1844	1.49245
0.18448	1.49245
0.18456	0.7484
0.18464	0.004352
0.18472	0.004352
0.1848	0.004352
0.18488	0.004352
0.18496	0.004352
0.18504	0.004352
0.18512	0.004352
0.1852	0.7484
0.18528	0.7484
0.18536	0.004352
0.18544	-0.739696
0.18552	-1.48374
0.1856	-1.48374
0.18568	-0.739696
0.18576	0.004352
0.18584	0.7484
0.18592	1.49245
0.186	2.2365
0.18608	1.49245
0.18616	0.7484
0.18624	0.004352
0.18632	0.004352
0.1864	0.004352
0.18648	0.7484
0.18656	0.7484
0.18664	0.004352
0.18672	0.004352
0.1868	-1.48374
0.18688	-0.739696
0.18696	0.004352
0.18704	0.004352
0.18712	0.004352
0.1872	0.004352
0.18728	-0.739696
0.18736	-0.739696
0.18744	0.004352
0.18752	0.7484
0.1876	0.7484
0.18768	1.49245
0.18776	0.7484
0.18784	0.7484
0.18792	0.7484
0.188	0.7484
0.18808	0.7484
0.18816	0.7484
0.18824	0.004352
0.18832	0.004352
0.1884	-0.739696
0.18848	-0.739696
0.18856	-0.739696
0.18864	-1.48374
0.18872	-1.48374
0.1888	-0.739696
0.18888	0.004352
0.18896	1.49245
0.18904	2.2365
0.18912	2.98054
0.1892	2.2365
0.18928	1.49245
0.18936	0.004352
0.18944	-0.739696
0.18952	-1.48374
0.1896	-2.22779
0.18968	-2.22779
0.18976	-2.22779
0.18984	-2.22779
0.18992	-0.739696
0.19	-0.739696
0.19008	0.7484
0.19016	1.49245
0.19024	2.2365
0.19032	2.98054
0.1904	2.98054
0.19048	1.49245
0.19056	0.7484
0.19064	0.004352
0.19072	-0.739696
0.1908	-1.48374
0.19088	-2.22779
0.19096	-2.22779
0.19104	-1.48374
0.19112	-0.739696
0.1912	0.7484
0.19128	1.49245
0.19136	2.2365
0.19144	2.2365
0.19152	2.2365
0.1916	1.49245
0.19168	0.7484
0.19176	0.004352
0.19184	0.004352
0.19192	0.004352
0.192	-0.739696
0.19208	-0.739696
0.19216	0.004352
0.19224	0.004352
0.19232	0.004352
0.1924	0.004352
0.19248	0.004352
0.19256	0.004352
0.19264	0.004352
0.19272	0.004352
0.1928	0.7484
0.19288	0.7484
0.19296	1.49245
0.19304	1.49245
0.19312	0.7484
0.1932	0.7484
0.19328	0.004352
0.19336	0.004352
0.19344	0.004352
0.19352	0.004352
0.1936	0.004352
0.19368	0.004352
0.19376	0.004352
0.19384	0.7484
0.19392	0.7484
0.194	0.7484
0.19408	0.7484
0.19416	0.7484
0.19424	0.7484
0.19432	0.004352
0.1944	-1.48374
0.19448	-1.48374
0.19456	-0.739696
0.19464	0.004352
0.19472	0.7484
0.1948	1.49245
0.19488	2.2365
0.19496	2.2365
0.19504	1.49245
0.19512	1.49245
0.1952	0.004352
0.19528	-0.739696
0.19536	-1.48374
0.19544	-1.48374
0.19552	-1.48374
0.1956	-0.739696
0.19568	0.004352
0.19576	0.7484
0.19584	0.7484
0.19592	0.7484
0.196	0.004352
0.19608	0.004352
0.19616	0.004352
0.19624	-0.739696
0.19632	0.004352
0.1964	-0.739696
0.19648	-0.739696
0.19656	-0.739696
0.19664	-0.739696
0.19672	0.004352
0.1968	1.49245
0.19688	1.49245
0.19696	1.49245
0.19704	1.49245
0.19712	0.7484
0.1972	0.004352
0.19728	-0.739696
0.19736	-0.739696
0.19744	-0.739696
0.19752	0.004352
0.1976	0.004352
0.19768	0.004352
0.19776	0.7484
0.19784	0.004352
0.19792	0.004352
0.198	0.004352
0.19808	0.004352
0.19816	0.004352
0.19824	-0.739696
0.19832	-0.739696
0.1984	-0.739696
0.19848	-0.739696
0.19856	0.004352
0.19864	0.004352
0.19872	0.004352
0.1988	0.004352
0.19888	0.004352
0.19896	0.004352
0.19904	0.7484
0.19912	0.004352
0.1992	0.004352
0.19928	-0.739696
0.19936	0.004352
0.19944	0.004352
0.19952	0.004352
0.1996	0.7484
0.19968	0.7484
0.19976	1.49245
0.19984	1.49245
0.19992	0.7484
0.2	-0.739696
0.20008	-0.739696
0.20016	-0.739696
0.20024	-1.48374
0.20032	0.004352
0.2004	0.004352
0.20048	0.004352
0.20056	0.004352
0.20064	0.7484
0.20072	1.49245
0.2008	1.49245
0.20088	0.7484
0.20096	0.7484
0.20104	-0.739696
0.20112	-1.48374
0.2012	-1.48374
0.20128	-1.48374
0.20136	-0.739696
0.20144	0.004352
0.20152	0.7484
0.2016	1.49245
0.20168	1.49245
0.20176	0.7484
0.20184	0.004352
0.20192	-0.739696
0.202	-0.739696
0.20208	-1.48374
0.20216	-1.48374
0.20224	-0.739696
0.20232	0.004352
0.2024	0.7484
0.20248	0.7484
0.20256	0.7484
0.20264	0.7484
0.20272	0.004352
0.2028	0.004352
0.20288	0.004352
0.20296	-0.739696
0.20304	-0.739696
0.20312	-0.739696
0.2032	-0.739696
0.20328	-0.739696
0.20336	-0.739696
0.20344	0.004352
0.20352	0.004352
0.2036	0.7484
0.20368	0.7484
0.20376	0.004352
0.20384	-0.739696
0.20392	-1.48374
0.204	-1.48374
0.20408	-1.48374
0.20416	-0.739696
0.20424	0.004352
0.20432	0.004352
0.2044	0.7484
0.20448	0.7484
0.20456	0.7484
0.20464	0.004352
0.20472	-0.739696
0.2048	-0.739696
0.20488	-0.739696
0.20496	-0.739696
0.20504	-0.739696
0.20512	-0.739696
0.2052	-0.739696
0.20528	-0.739696
0.20536	-0.739696
0.20544	0.7484
0.20552	1.49245
0.2056	2.2365
0.20568	1.49245
0.20576	0.004352
0.20584	-1.48374
0.20592	-2.97184
0.206	-2.97184
0.20608	-2.97184
0.20616	-1.48374
0.20624	-0.739696
0.20632	-0.739696
0.2064	0.004352
0.20648	0.004352
0.20656	0.7484
0.20664	0.7484
0.20672	1.49245
0.2068	0.004352
0.20688	-0.739696
0.20696	-2.22779
0.20704	-2.97184
0.20712	-1.48374
0.2072	-1.48374
0.20728	0.004352
0.20736	0.7484
0.20744	0.7484
0.20752	0.7484
0.2076	0.7484
0.20768	0.7484
0.20776	0.004352
0.20784	0.004352
0.20792	-0.739696
0.208	-2.22779
0.20808	-2.97184
0.20816	-2.22779
0.20824	-2.22779
0.20832	-0.739696
0.2084	0.004352
0.20848	0.7484
0.20856	0.004352
0.20864	-0.739696
0.20872	-0.739696
0.2088	-0.739696
0.20888	-0.739696
0.20896	-0.739696
0.20904	-0.739696
0.20912	-1.48374
0.2092	-1.48374
0.20928	-0.739696
0.20936	-0.739696
0.20944	-0.739696
0.20952	0.004352
0.2096	-0.739696
0.20968	-0.739696
0.20976	-0.739696
0.20984	0.004352
0.20992	0.004352
0.21	0.004352
0.21008	-0.739696
0.21016	0.004352
0.21024	-0.739696
0.21032	-0.739696
0.2104	-0.739696
0.21048	-0.739696
0.21056	-0.739696
0.21064	0.004352
0.21072	0.004352
0.2108	-0.739696
0.21088	-0.739696
0.21096	-0.739696
0.21104	-0.739696
0.21112	-1.48374
0.2112	-0.739696
0.21128	-0.739696
0.21136	-0.739696
0.21144	-0.739696
0.21152	0.004352
0.2116	0.004352
0.21168	0.004352
0.21176	0.004352
0.21184	-0.739696
0.21192	-0.739696
0.212	0.004352
0.21208	0.004352
0.21216	0.004352
0.21224	0.004352
0.21232	0.004352
0.2124	-0.739696
0.21248	-0.739696
0.21256	-0.739696
0.21264	-0.739696
0.21272	-0.739696
0.2128	-0.739696
0.21288	-0.739696
0.21296	0.004352
0.21304	0.004352
0.21312	0.7484
0.2132	0.7484
0.21328	0.7484
0.21336	0.004352
0.21344	-0.739696
0.21352	-0.739696
0.2136	-0.739696
0.21368	-0.739696
0.21376	-1.48374
0.21384	-1.48374
0.21392	-1.48374
0.214	-0.739696
0.21408	0.004352
0.21416	0.7484
0.21424	0.7484
0.21432	0.7484
0.2144	-0.739696
0.21448	-0.739696
0.21456	-0.739696
0.21464	-0.739696
0.21472	0.004352
0.2148	0.7484
0.21488	0.004352
0.21496	-0.739696
0.21504	-0.739696
0.21512	-0.739696
0.2152	-0.739696
0.21528	0.004352
0.21536	0.004352
0.21544	0.7484
0.21552	0.004352
0.2156	-0.739696
0.21568	-1.48374
0.21576	-1.48374
0.21584	-0.739696
0.21592	0.004352
0.216	0.7484
0.21608	0.7484
0.21616	0.7484
0.21624	0.004352
0.21632	-0.739696
0.2164	-0.739696
0.21648	-0.739696
0.21656	-0.739696
0.21664	-0.739696
0.21672	-0.739696
0.2168	-0.739696
0.21688	-0.739696
0.21696	-0.739696
0.21704	-0.739696
0.21712	-0.739696
0.2172	-0.739696
0.21728	-0.739696
0.21736	0.004352
0.21744	0.7484
0.21752	0.7484
0.2176	0.7484
0.21768	0.004352
0.21776	0.004352
0.21784	0.004352
0.21792	-0.739696
0.218	-0.739696
0.21808	0.004352
0.21816	0.004352
0.21824	0.004352
0.21832	-0.739696
0.2184	0.004352
0.21848	-0.739696
0.21856	-0.739696
0.21864	-0.739696
0.21872	-0.739696
0.2188	-0.739696
0.21888	-0.739696
0.21896	-0.739696
0.21904	-0.739696
0.21912	-0.739696
0.2192	-0.739696
0.21928	-0.739696
0.21936	-0.739696
0.21944	-0.739696
0.21952	-0.739696
0.2196	-0.739696
0.21968	-0.739696
0.21976	-0.739696
0.21984	0.004352
0.21992	0.004352
0.22	0.7484
0.22008	0.7484
0.22016	0.7484
0.22024	0.004352
0.22032	0.004352
0.2204	-0.739696
0.22048	-1.48374
0.22056	-0.739696
0.22064	-0.739696
0.22072	0.004352
0.2208	0.004352
0.22088	0.004352
0.22096	0.004352
0.22104	0.004352
0.22112	0.004352
0.2212	0.004352
0.22128	-0.739696
0.22136	-0.739696
0.22144	-0.739696
0.22152	-0.739696
0.2216	-0.739696
0.22168	0.004352
0.22176	0.004352
0.22184	0.004352
0.22192	0.004352
0.222	-0.739696
0.22208	-0.739696
0.22216	-0.739696
0.22224	-0.739696
0.22232	-0.739696
0.2224	-0.739696
0.22248	0.004352
0.22256	0.004352
0.22264	0.004352
0.22272	0.004352
0.2228	0.004352
0.22288	0.004352
0.22296	0.004352
0.22304	0.004352
0.22312	0.004352
0.2232	-0.739696
0.22328	-2.22779
0.22336	-2.22779
0.22344	-1.48374
0.22352	-0.739696
0.2236	0.004352
0.22368	0.7484
0.22376	0.7484
0.22384	0.7484
0.22392	0.004352
0.224	0.004352
0.22408	0.004352
0.22416	-0.739696
0.22424	0.004352
0.22432	0.004352
0.2244	0.004352
0.22448	-0.739696
0.22456	-0.739696
0.22464	-0.739696
0.22472	-0.739696
0.2248	-0.739696
0.22488	-0.739696
0.22496	-0.739696
0.22504	-0.739696
0.22512	-0.739696
0.2252	-0.739696
0.22528	-0.739696
0.22536	-0.739696
0.22544	-0.739696
0.22552	-0.739696
0.2256	0.004352
0.22568	0.004352
0.22576	0.004352
0.22584	-0.739696
0.22592	-0.739696
0.226	-0.739696
0.22608	-0.739696
0.22616	-0.739696
0.22624	-0.739696
0.22632	-0.739696
0.2264	-0.739696
0.22648	0.004352
0.22656	0.004352
0.22664	-0.739696
0.22672	0.004352
0.2268	-0.739696
0.22688	-0.739696
0.22696	-1.48374
0.22704	-1.48374
0.22712	-0.739696
0.2272	0.004352
0.22728	0.004352
0.22736	0.004352
0.22744	0.004352
0.22752	0.004352
0.2276	0.004352
0.22768	-0.739696
0.22776	0.004352
0.22784	-0.739696
0.22792	-0.739696
0.228	-0.739696
0.22808	-0.739696
0.22816	-0.739696
0.22824	-0.739696
0.22832	-0.739696
0.2284	0.004352
0.22848	0.004352
0.22856	0.004352
0.22864	0.004352
0.22872	-0.739696
0.2288	-0.739696
0.22888	-0.739696
0.22896	-0.739696
0.22904	-0.739696
0.22912	-1.48374
0.2292	-0.739696
0.22928	-0.739696
0.22936	-0.739696
0.22944	0.004352
0.22952	-0.739696
0.2296	0.004352
0.22968	0.004352
0.22976	0.004352
0.22984	-0.739696
0.22992	-0.739696
0.23	-0.739696
0.23008	-0.739696
0.23016	-0.739696
0.23024	-0.739696
0.23032	-0.739696
0.2304	-0.739696
0.23048	-0.739696
0.23056	0.004352
0.23064	0.004352
0.23072	0.004352
0.2308	0.004352
0.23088	0.004352
0.23096	-0.739696
0.23104	-0.739696
0.23112	-0.739696
0.2312	-0.739696
0.23128	-0.739696
0.23136	-0.739696
0.23144	-0.739696
0.23152	-0.739696
0.2316	-0.739696
0.23168	-0.739696
0.23176	-0.739696
0.23184	0.004352
0.23192	0.004352
0.232	0.004352
0.23208	0.004352
0.23216	-0.739696
0.23224	-0.739696
0.23232	-0.739696
0.2324	-0.739696
0.23248	-0.739696
0.23256	0.004352
0.23264	0.004352
0.23272	-0.739696
0.2328	0.004352
0.23288	0.004352
0.23296	0.004352
0.23304	0.004352
0.23312	0.004352
0.2332	0.004352
0.23328	0.004352
0.23336	0.004352
0.23344	0.004352
0.23352	0.004352
0.2336	0.004352
0.23368	-0.739696
0.23376	-0.739696
0.23384	0.004352
0.23392	-0.739696
0.234	0.004352
0.23408	0.004352
0.23416	0.7484
0.23424	0.004352
0.23432	0.004352
0.2344	0.004352
0.23448	0.004352
0.23456	0.004352
0.23464	0.004352
0.23472	0.004352
0.2348	0.004352
0.23488	-0.739696
0.23496	-0.739696
0.23504	-0.739696
0.23512	-0.739696
0.2352	0.004352
0.23528	0.004352
0.23536	0.7484
0.23544	0.004352
0.23552	0.004352
0.2356	-0.739696
0.23568	-0.739696
0.23576	-0.739696
0.23584	-0.739696
0.23592	-0.739696
0.236	-0.739696
0.23608	0.004352
0.23616	0.004352
0.23624	0.7484
0.23632	0.004352
0.2364	0.004352
0.23648	0.004352
0.23656	-0.739696
0.23664	-0.739696
0.23672	-0.739696
0.2368	0.004352
0.23688	-0.739696
0.23696	-0.739696
0.23704	-0.739696
0.23712	-0.739696
0.2372	-0.739696
0.23728	0.004352
0.23736	0.004352
0.23744	0.004352
0.23752	0.004352
0.2376	0.004352
0.23768	-0.739696
0.23776	-0.739696
0.23784	-0.739696
0.23792	-0.739696
0.238	-0.739696
0.23808	-0.739696
0.23816	0.004352
0.23824	0.004352
0.23832	0.004352
0.2384	0.004352
0.23848	0.004352
0.23856	0.004352
0.23864	0.004352
0.23872	0.004352
0.2388	0.004352
0.23888	0.004352
0.23896	0.004352
0.23904	0.004352
0.23912	-0.739696
0.2392	-0.739696
0.23928	0.004352
0.23936	0.7484
0.23944	0.7484
0.23952	0.004352
0.2396	-1.48374
0.23968	-2.97184
0.23976	-3.71589
0.23984	-2.97184
0.23992	-1.48374
0.24	0.004352
0.24008	0.7484
0.24016	0.004352
0.24024	0.004352
0.24032	0.7484
0.2404	1.49245
0.24048	2.2365
0.24056	1.49245
0.24064	0.004352
0.24072	-1.48374
0.2408	-2.22779
0.24088	-1.48374
0.24096	-1.48374
0.24104	-0.739696
0.24112	-0.739696
0.2412	-1.48374
0.24128	-1.48374
0.24136	-0.739696
0.24144	0.004352
0.24152	0.7484
0.2416	1.49245
0.24168	1.49245
0.24176	0.7484
0.24184	0.004352
0.24192	-0.739696
0.242	-0.739696
0.24208	-1.48374
0.24216	-0.739696
0.24224	-0.739696
0.24232	-1.48374
0.2424	-1.48374
0.24248	-1.48374
0.24256	-0.739696
0.24264	0.7484
0.24272	1.49245
0.2428	1.49245
0.24288	1.49245
0.24296	0.7484
0.24304	0.004352
0.24312	0.004352
0.2432	0.004352
0.24328	0.004352
0.24336	0.004352
0.24344	0.004352
0.24352	0.004352
0.2436	0.004352
0.24368	0.7484
0.24376	0.7484
0.24384	0.7484
0.24392	0.004352
0.244	0.004352
0.24408	-0.739696
0.24416	-0.739696
0.24424	-0.739696
0.24432	0.004352
0.2444	-0.739696
0.24448	-0.739696
0.24456	-0.739696
0.24464	0.004352
0.24472	0.7484
0.2448	1.49245
0.24488	1.49245
0.24496	1.49245
0.24504	0.7484
0.24512	0.004352
0.2452	-0.739696
0.24528	-1.48374
0.24536	-2.22779
0.24544	-1.48374
0.24552	-1.48374
0.2456	-0.739696
0.24568	-0.739696
0.24576	0.004352
0.24584	0.004352
0.24592	0.7484
0.246	0.7484
0.24608	0.7484
0.24616	0.004352
0.24624	-0.739696
0.24632	-1.48374
0.2464	-1.48374
0.24648	-1.48374
0.24656	-0.739696
0.24664	-0.739696
0.24672	-0.739696
0.2468	0.004352
0.24688	0.004352
0.24696	0.004352
0.24704	0.7484
0.24712	0.7484
0.2472	0.7484
0.24728	0.004352
0.24736	0.004352
0.24744	0.004352
0.24752	0.004352
0.2476	0.004352
0.24768	-0.739696
0.24776	-0.739696
0.24784	0.004352
0.24792	0.004352
0.248	0.004352
0.24808	0.004352
0.24816	0.004352
0.24824	-0.739696
0.24832	-0.739696
0.2484	-0.739696
0.24848	-0.739696
0.24856	-0.739696
0.24864	-0.739696
0.24872	-0.739696
0.2488	0.004352
0.24888	0.004352
0.24896	0.004352
0.24904	0.004352
0.24912	0.004352
0.2492	0.004352
0.24928	0.004352
0.24936	0.004352
0.24944	0.004352
0.24952	-0.739696
0.2496	-0.739696
0.24968	-0.739696
0.24976	-0.739696
0.24984	-0.739696
0.24992	-0.739696
0.25	-0.739696
0.25008	0.004352
0.25016	-0.739696
0.25024	0.004352
0.25032	0.004352
0.2504	0.004352
0.25048	0.004352
0.25056	0.004352
0.25064	0.004352
0.25072	0.004352
0.2508	0.004352
0.25088	0.004352
0.25096	-0.739696
0.25104	-0.739696
0.25112	-0.739696
0.2512	-1.48374
0.25128	-0.739696
0.25136	-0.739696
0.25144	-0.739696
0.25152	-0.739696
0.2516	0.004352
0.25168	0.7484
0.25176	0.7484
0.25184	0.7484
0.25192	0.7484
0.252	0.004352
0.25208	0.004352
0.25216	-0.739696
0.25224	-0.739696
0.25232	-0.739696
0.2524	-0.739696
0.25248	-0.739696
0.25256	-0.739696
0.25264	-0.739696
0.25272	0.004352
0.2528	0.7484
0.25288	0.004352
0.25296	0.004352
0.25304	0.004352
0.25312	0.004352
0.2532	0.004352
0.25328	-0.739696
0.25336	-0.739696
0.25344	-0.739696
0.25352	-0.739696
0.2536	-0.739696
0.25368	-0.739696
0.25376	0.004352
0.25384	0.004352
0.25392	0.004352
0.254	0.7484
0.25408	0.004352
0.25416	0.004352
0.25424	-0.739696
0.25432	-1.48374
0.2544	-0.739696
0.25448	-0.739696
0.25456	0.004352
0.25464	0.004352
0.25472	0.7484
0.2548	0.7484
0.25488	0.7484
0.25496	1.49245
0.25504	0.7484
0.25512	0.7484
0.2552	0.004352
0.25528	-0.739696
0.25536	-1.48374
0.25544	-1.48374
0.25552	-1.48374
0.2556	-0.739696
0.25568	0.004352
0.25576	0.004352
0.25584	0.7484
0.25592	0.7484
0.256	1.49245
0.25608	1.49245
0.25616	1.49245
0.25624	0.7484
0.25632	0.7484
0.2564	0.004352
0.25648	-0.739696
0.25656	-0.739696
0.25664	-0.739696
0.25672	-0.739696
0.2568	-0.739696
0.25688	0.004352
0.25696	0.004352
0.25704	0.7484
0.25712	0.7484
0.2572	0.7484
0.25728	0.7484
0.25736	0.7484
0.25744	0.004352
0.25752	-0.739696
0.2576	-0.739696
0.25768	-0.739696
0.25776	0.004352
0.25784	0.004352
0.25792	0.004352
0.258	0.7484
0.25808	0.7484
0.25816	0.004352
0.25824	-0.739696
0.25832	-0.739696
0.2584	0.004352
0.25848	0.004352
0.25856	0.7484
0.25864	1.49245
0.25872	1.49245
0.2588	0.7484
0.25888	0.7484
0.25896	0.004352
0.25904	-0.739696
0.25912	-0.739696
0.2592	-0.739696
0.25928	0.004352
0.25936	0.004352
0.25944	0.7484
0.25952	0.004352
0.2596	-0.739696
0.25968	-0.739696
0.25976	-1.48374
0.25984	-0.739696
0.25992	-0.739696
0.26	0.004352
0.26008	0.004352
0.26016	0.004352
0.26024	0.7484
0.26032	0.7484
0.2604	0.7484
0.26048	0.004352
0.26056	0.004352
0.26064	0.004352
0.26072	0.004352
0.2608	0.7484
0.26088	0.7484
0.26096	0.004352
0.26104	0.004352
0.26112	0.004352
0.2612	0.7484
0.26128	0.7484
0.26136	0.7484
0.26144	0.7484
0.26152	0.004352
0.2616	0.004352
0.26168	0.7484
0.26176	0.004352
0.26184	0.7484
0.26192	0.004352
0.262	-0.739696
0.26208	-0.739696
0.26216	-0.739696
0.26224	-0.739696
0.26232	-0.739696
0.2624	-0.739696
0.26248	0.004352
0.26256	0.7484
0.26264	0.7484
0.26272	2.2365
0.2628	2.2365
0.26288	2.2365
0.26296	1.49245
0.26304	0.004352
0.26312	-1.48374
0.2632	-2.22779
0.26328	-2.22779
0.26336	-0.739696
0.26344	0.7484
0.26352	1.49245
0.2636	2.2365
0.26368	0.7484
0.26376	0.004352
0.26384	-0.739696
0.26392	-1.48374
0.264	-1.48374
0.26408	-0.739696
0.26416	0.004352
0.26424	1.49245
0.26432	2.2365
0.2644	1.49245
0.26448	0.004352
0.26456	-0.739696
0.26464	-1.48374
0.26472	0.004352
0.2648	0.7484
0.26488	1.49245
0.26496	0.7484
0.26504	0.004352
0.26512	0.004352
0.2652	-0.739696
0.26528	-0.739696
0.26536	0.004352
0.26544	0.004352
0.26552	0.004352
0.2656	0.7484
0.26568	0.004352
0.26576	0.7484
0.26584	0.004352
0.26592	-0.739696
0.266	0.004352
0.26608	0.004352
0.26616	0.004352
0.26624	0.004352
0.26632	0.004352
0.2664	0.004352
0.26648	0.004352
0.26656	0.7484
0.26664	0.7484
0.26672	0.7484
0.2668	0.7484
0.26688	0.7484
0.26696	0.7484
0.26704	0.004352
0.26712	-0.739696
0.2672	-0.739696
0.26728	0.004352
0.26736	0.7484
0.26744	1.49245
0.26752	1.49245
0.2676	0.7484
0.26768	0.004352
0.26776	-0.739696
0.26784	-0.739696
0.26792	0.004352
0.268	0.004352
0.26808	0.004352
0.26816	-0.739696
0.26824	-0.739696
0.26832	0.7484
0.2684	1.49245
0.26848	1.49245
0.26856	0.7484
0.26864	0.004352
0.26872	-1.48374
0.2688	-1.48374
0.26888	-0.739696
0.26896	0.004352
0.26904	0.004352
0.26912	0.7484
0.2692	0.7484
0.26928	0.7484
0.26936	0.004352
0.26944	0.004352
0.26952	0.004352
0.2696	1.49245
0.26968	1.49245
0.26976	0.7484
0.26984	0.004352
0.26992	-0.739696
0.27	-0.739696
0.27008	-0.739696
0.27016	0.004352
0.27024	0.004352
0.27032	0.004352
0.2704	0.004352
0.27048	0.004352
0.27056	0.7484
0.27064	1.49245
0.27072	0.7484
0.2708	0.004352
0.27088	-0.739696
0.27096	-0.739696
0.27104	-0.739696
0.27112	-0.739696
0.2712	0.004352
0.27128	0.7484
0.27136	1.49245
0.27144	1.49245
0.27152	1.49245
0.2716	0.7484
0.27168	0.004352
0.27176	0.004352
0.27184	-0.739696
0.27192	0.004352
0.272	-0.739696
0.27208	-0.739696
0.27216	-0.739696
0.27224	-0.739696
0.27232	-0.739696
0.2724	0.004352
0.27248	0.004352
0.27256	0.004352
0.27264	0.7484
0.27272	0.7484
0.2728	0.7484
0.27288	0.7484
0.27296	0.7484
0.27304	0.004352
0.27312	-0.739696
0.2732	-0.739696
0.27328	-1.48374
0.27336	-2.22779
0.27344	-0.739696
0.27352	0.004352
0.2736	0.004352
0.27368	0.7484
0.27376	1.49245
0.27384	0.7484
0.27392	0.004352
0.274	-0.739696
0.27408	-0.739696
0.27416	-0.739696
0.27424	-0.739696
0.27432	0.004352
0.2744	0.004352
0.27448	0.7484
0.27456	0.004352
0.27464	0.004352
0.27472	-0.739696
0.2748	-0.739696
0.27488	0.004352
0.27496	0.7484
0.27504	0.004352
0.27512	0.004352
0.2752	-0.739696
0.27528	0.004352
0.27536	-0.739696
0.27544	-0.739696
0.27552	-0.739696
0.2756	-0.739696
0.27568	-0.739696
0.27576	-0.739696
0.27584	0.004352
0.27592	0.7484
0.276	1.49245
0.27608	0.7484
0.27616	0.004352
0.27624	-0.739696
0.27632	-1.48374
0.2764	-1.48374
0.27648	-0.739696
0.27656	-0.739696
0.27664	0.004352
0.27672	0.004352
0.2768	0.004352
0.27688	0.004352
0.27696	0.004352
0.27704	0.004352
0.27712	0.7484
0.2772	0.7484
0.27728	0.7484
0.27736	0.004352
0.27744	-0.739696
0.27752	-1.48374
0.2776	-1.48374
0.27768	-1.48374
0.27776	-0.739696
0.27784	-0.739696
0.27792	0.004352
0.278	0.004352
0.27808	0.004352
0.27816	0.004352
0.27824	0.7484
0.27832	0.7484
0.2784	1.49245
0.27848	0.7484
0.27856	0.004352
0.27864	-0.739696
0.27872	-0.739696
0.2788	-2.22779
0.27888	-1.48374
0.27896	-1.48374
0.27904	-0.739696
0.27912	-0.739696
0.2792	0.004352
0.27928	0.7484
0.27936	0.7484
0.27944	0.7484
0.27952	0.7484
0.2796	0.7484
0.27968	0.004352
0.27976	-0.739696
0.27984	-1.48374
0.27992	-1.48374
0.28	-1.48374
0.28008	-0.739696
0.28016	0.004352
0.28024	0.004352
0.28032	0.7484
0.2804	0.004352
0.28048	0.004352
0.28056	0.004352
0.28064	0.004352
0.28072	0.004352
0.2808	0.004352
0.28088	0.004352
0.28096	-0.739696
0.28104	-0.739696
0.28112	-1.48374
0.2812	-0.739696
0.28128	0.004352
0.28136	0.004352
0.28144	0.004352
0.28152	0.7484
0.2816	0.7484
0.28168	0.7484
0.28176	0.004352
0.28184	-0.739696
0.28192	-2.22779
0.282	-1.48374
0.28208	-0.739696
0.28216	0.004352
0.28224	0.7484
0.28232	0.7484
0.2824	1.49245
0.28248	0.7484
0.28256	0.004352
0.28264	-0.739696
0.28272	-0.739696
0.2828	-0.739696
0.28288	-0.739696
0.28296	0.004352
0.28304	0.004352
0.28312	0.004352
0.2832	0.004352
0.28328	0.004352
0.28336	-0.739696
0.28344	0.004352
0.28352	0.004352
0.2836	-0.739696
0.28368	-0.739696
0.28376	0.004352
0.28384	0.004352
0.28392	0.7484
0.284	0.7484
0.28408	0.004352
0.28416	0.004352
0.28424	0.004352
0.28432	0.004352
0.2844	0.004352
0.28448	0.004352
0.28456	0.004352
0.28464	-0.739696
0.28472	0.004352
0.2848	0.004352
0.28488	-0.739696
0.28496	0.004352
0.28504	0.004352
0.28512	0.004352
0.2852	0.004352
0.28528	0.004352
0.28536	0.004352
0.28544	0.004352
0.28552	0.004352
0.2856	0.004352
0.28568	0.004352
0.28576	0.004352
0.28584	0.004352
0.28592	-0.739696
0.286	0.004352
0.28608	0.004352
0.28616	0.004352
0.28624	0.004352
0.28632	-0.739696
0.2864	-0.739696
0.28648	-0.739696
0.28656	-0.739696
0.28664	-0.739696
0.28672	-0.739696
0.2868	0.004352
0.28688	0.7484
0.28696	0.004352
0.28704	0.004352
0.28712	0.004352
0.2872	0.004352
0.28728	0.004352
0.28736	-0.739696
0.28744	-0.739696
0.28752	-0.739696
0.2876	-0.739696
0.28768	-0.739696
0.28776	0.004352
0.28784	0.004352
0.28792	0.004352
0.288	0.004352
0.28808	-0.739696
0.28816	-0.739696
0.28824	-0.739696
0.28832	0.004352
0.2884	0.004352
0.28848	0.7484
0.28856	0.004352
0.28864	-0.739696
0.28872	-0.739696
0.2888	-0.739696
0.28888	0.004352
0.28896	0.004352
0.28904	0.004352
0.28912	0.004352
0.2892	0.004352
0.28928	0.004352
0.28936	-0.739696
0.28944	-1.48374
0.28952	-0.739696
0.2896	-0.739696
0.28968	-0.739696
0.28976	-0.739696
0.28984	-0.739696
0.28992	0.004352
0.29	0.004352
0.29008	0.7484
0.29016	0.004352
0.29024	0.004352
0.29032	0.004352
0.2904	-0.739696
0.29048	-0.739696
0.29056	0.004352
0.29064	0.004352
0.29072	0.004352
0.2908	0.004352
0.29088	-0.739696
0.29096	-0.739696
0.29104	-0.739696
0.29112	-0.739696
0.2912	-0.739696
0.29128	0.004352
0.29136	0.004352
0.29144	0.004352
0.29152	0.004352
0.2916	0.004352
0.29168	-0.739696
0.29176	-0.739696
0.29184	-0.739696
0.29192	-0.739696
0.292	0.004352
0.29208	0.004352
0.29216	0.004352
0.29224	0.7484
0.29232	0.7484
0.2924	0.004352
0.29248	0.004352
0.29256	-0.739696
0.29264	-0.739696
0.29272	-0.739696
0.2928	-0.739696
0.29288	-0.739696
0.29296	0.004352
0.29304	-0.739696
0.29312	0.004352
0.2932	0.004352
0.29328	0.004352
0.29336	0.004352
0.29344	0.004352
0.29352	0.004352
0.2936	0.004352
0.29368	0.004352
0.29376	0.004352
0.29384	-0.739696
0.29392	-0.739696
0.294	-0.739696
0.29408	-0.739696
0.29416	-0.739696
0.29424	-0.739696
0.29432	-0.739696
0.2944	-0.739696
0.29448	0.7484
0.29456	0.7484
0.29464	0.7484
0.29472	0.7484
0.2948	0.7484
0.29488	0.004352
0.29496	0.004352
0.29504	0.004352
0.29512	0.004352
0.2952	-0.739696
0.29528	-0.739696
0.29536	-0.739696
0.29544	-0.739696
0.29552	-0.739696
0.2956	-0.739696
0.29568	0.004352
0.29576	0.004352
0.29584	0.004352
0.29592	0.004352
0.296	0.004352
0.29608	0.004352
0.29616	0.004352
0.29624	0.004352
0.29632	0.004352
0.2964	-0.739696
0.29648	-0.739696
0.29656	0.004352
0.29664	0.004352
0.29672	0.7484
0.2968	0.7484
0.29688	0.7484
0.29696	0.004352
0.29704	-0.739696
0.29712	-0.739696
0.2972	-0.739696
0.29728	-0.739696
0.29736	-0.739696
0.29744	0.004352
0.29752	0.004352
0.2976	0.004352
0.29768	0.004352
0.29776	0.004352
0.29784	0.004352
0.29792	0.004352
0.298	0.7484
0.29808	0.004352
0.29816	0.004352
0.29824	0.004352
0.29832	0.004352
0.2984	-0.739696
0.29848	-0.739696
0.29856	-0.739696
0.29864	-0.739696
0.29872	-0.739696
0.2988	-0.739696
0.29888	-0.739696
0.29896	-0.739696
0.29904	0.004352
0.29912	0.7484
0.2992	0.7484
0.29928	0.7484
0.29936	0.004352
0.29944	0.004352
0.29952	-0.739696
0.2996	0.004352
0.29968	0.004352
0.29976	0.004352
0.29984	0.004352
0.29992	0.004352
0.3	-0.739696
0.30008	-0.739696
0.30016	-0.739696
0.30024	0.004352
0.30032	0.004352
0.3004	0.004352
0.30048	0.004352
0.30056	0.004352
0.30064	0.004352
0.30072	-0.739696
0.3008	0.004352
0.30088	0.004352
0.30096	0.004352
0.30104	-0.739696
0.30112	-0.739696
0.3012	-0.739696
0.30128	0.004352
0.30136	0.004352
0.30144	0.7484
0.30152	0.7484
0.3016	0.7484
0.30168	0.004352
0.30176	-0.739696
0.30184	-0.739696
0.30192	-0.739696
0.302	0.004352
0.30208	0.004352
0.30216	0.004352
0.30224	-0.739696
0.30232	0.004352
0.3024	0.004352
0.30248	0.7484
0.30256	0.7484
0.30264	0.004352
0.30272	0.004352
0.3028	-0.739696
0.30288	-0.739696
0.30296	0.004352
0.30304	0.7484
0.30312	0.004352
0.3032	-0.739696
0.30328	-1.48374
0.30336	-2.22779
0.30344	-2.22779
0.30352	-0.739696
0.3036	0.7484
0.30368	1.49245
0.30376	1.49245
0.30384	1.49245
0.30392	0.7484
0.304	0.004352
0.30408	0.004352
0.30416	0.004352
0.30424	0.004352
0.30432	-0.739696
0.3044	-1.48374
0.30448	-2.22779
0.30456	-1.48374
0.30464	-0.739696
0.30472	0.7484
0.3048	0.7484
0.30488	0.7484
0.30496	0.7484
0.30504	0.004352
0.30512	0.004352
0.3052	0.004352
0.30528	0.7484
0.30536	0.7484
0.30544	0.004352
0.30552	-0.739696
0.3056	-1.48374
0.30568	-0.739696
0.30576	-0.739696
0.30584	0.004352
0.30592	0.004352
0.306	0.004352
0.30608	0.004352
0.30616	0.7484
0.30624	0.004352
0.30632	0.004352
0.3064	0.004352
0.30648	-0.739696
0.30656	-0.739696
0.30664	-0.739696
0.30672	0.004352
0.3068	0.004352
0.30688	0.004352
0.30696	0.004352
0.30704	0.004352
0.30712	0.004352
0.3072	0.004352
0.30728	0.004352
0.30736	-0.739696
0.30744	-0.739696
0.30752	-0.739696
0.3076	-0.739696
0.30768	0.004352
0.30776	0.004352
0.30784	0.7484
0.30792	0.7484
0.308	0.004352
0.30808	-0.739696
0.30816	-0.739696
0.30824	-0.739696
0.30832	0.004352
0.3084	0.004352
0.30848	0.7484
0.30856	0.004352
0.30864	0.004352
0.30872	0.004352
0.3088	0.004352
0.30888	0.004352
0.30896	0.004352
0.30904	0.004352
0.30912	-0.739696
0.3092	-0.739696
0.30928	-0.739696
0.30936	-0.739696
0.30944	-0.739696
0.30952	0.004352
0.3096	0.004352
0.30968	0.004352
0.30976	0.004352
0.30984	0.004352
0.30992	0.004352
0.31	0.7484
