-0.02	0.0046048
-0.01992	0.748342
-0.01984	0.0046048
-0.01976	0.0046048
-0.01968	-0.739133
-0.0196	0.0046048
-0.01952	0.0046048
-0.01944	0.0046048
-0.01936	0.0046048
-0.01928	0.0046048
-0.0192	-0.739133
-0.01912	-2.22661
-0.01904	-2.97035
-0.01896	-3.71408
-0.01888	-2.97035
-0.0188	-2.97035
-0.01872	-2.97035
-0.01864	-3.71408
-0.01856	-3.71408
-0.01848	-3.71408
-0.0184	-3.71408
-0.01832	-3.71408
-0.01824	-3.71408
-0.01816	-3.71408
-0.01808	-4.45782
-0.018	-4.45782
-0.01792	-3.71408
-0.01784	-2.97035
-0.01776	-0.739133
-0.01768	0.748342
-0.0176	2.97956
-0.01752	4.46703
-0.01744	4.46703
-0.01736	4.46703
-0.01728	5.21077
-0.0172	4.46703
-0.01712	3.72329
-0.01704	0.748342
-0.01696	-1.48287
-0.01688	-1.48287
-0.0168	0.0046048
-0.01672	2.97956
-0.01664	5.95451
-0.01656	6.69824
-0.01648	5.21077
-0.0164	2.97956
-0.01632	1.49208
-0.01624	0.748342
-0.01616	0.0046048
-0.01608	0.0046048
-0.016	0.748342
-0.01592	1.49208
-0.01584	2.23582
-0.01576	2.23582
-0.01568	2.23582
-0.0156	0.748342
-0.01552	-0.739133
-0.01544	-2.97035
-0.01536	-4.45782
-0.01528	-5.20156
-0.0152	-5.20156
-0.01512	-4.45782
-0.01504	-2.22661
-0.01496	0.0046048
-0.01488	0.748342
-0.0148	0.748342
-0.01472	0.748342
-0.01464	0.0046048
-0.01456	-0.739133
-0.01448	-1.48287
-0.0144	-0.739133
-0.01432	0.748342
-0.01424	1.49208
-0.01416	2.23582
-0.01408	2.23582
-0.014	0.748342
-0.01392	0.0046048
-0.01384	0.0046048
-0.01376	0.0046048
-0.01368	-0.739133
-0.0136	-1.48287
-0.01352	-2.97035
-0.01344	-4.45782
-0.01336	-3.71408
-0.01328	-2.22661
-0.0132	0.748342
-0.01312	2.23582
-0.01304	2.23582
-0.01296	0.0046048
-0.01288	-1.48287
-0.0128	-2.22661
-0.01272	0.0046048
-0.01264	2.23582
-0.01256	4.46703
-0.01248	5.21077
-0.0124	3.72329
-0.01232	2.23582
-0.01224	0.748342
-0.01216	-0.739133
-0.01208	-1.48287
-0.012	-2.97035
-0.01192	-3.71408
-0.01184	-4.45782
-0.01176	-3.71408
-0.01168	-1.48287
-0.0116	0.0046048
-0.01152	2.23582
-0.01144	2.23582
-0.01136	2.97956
-0.01128	2.97956
-0.0112	2.97956
-0.01112	1.49208
-0.01104	0.748342
-0.01096	-1.48287
-0.01088	-2.97035
-0.0108	-3.71408
-0.01072	-2.97035
-0.01064	-1.48287
-0.01056	0.0046048
-0.01048	0.748342
-0.0104	0.748342
-0.01032	0.748342
-0.01024	0.0046048
-0.01016	-0.739133
-0.01008	-1.48287
-0.01	-1.48287
-0.00992	-1.48287
-0.00984	-1.48287
-0.00976	-1.48287
-0.00968	-1.48287
-0.0096	-1.48287
-0.00952	-1.48287
-0.00944	-0.739133
-0.00936	0.0046048
-0.00928	0.748342
-0.0092	1.49208
-0.00912	1.49208
-0.00904	2.23582
-0.00896	0.748342
-0.00888	-0.739133
-0.0088	-2.22661
-0.00872	-3.71408
-0.00864	-3.71408
-0.00856	-2.97035
-0.00848	-2.22661
-0.0084	-0.739133
-0.00832	0.748342
-0.00824	1.49208
-0.00816	2.23582
-0.00808	1.49208
-0.008	0.748342
-0.00792	-0.739133
-0.00784	-0.739133
-0.00776	0.0046048
-0.00768	1.49208
-0.0076	2.97956
-0.00752	2.97956
-0.00744	2.23582
-0.00736	0.0046048
-0.00728	-2.22661
-0.0072	-3.71408
-0.00712	-3.71408
-0.00704	-2.97035
-0.00696	-0.739133
-0.00688	1.49208
-0.0068	3.72329
-0.00672	5.21077
-0.00664	5.21077
-0.00656	3.72329
-0.00648	0.748342
-0.0064	-2.22661
-0.00632	-3.71408
-0.00624	-4.45782
-0.00616	-4.45782
-0.00608	-2.97035
-0.006	-1.48287
-0.00592	0.0046048
-0.00584	1.49208
-0.00576	1.49208
-0.00568	0.0046048
-0.0056	-1.48287
-0.00552	-2.97035
-0.00544	-2.97035
-0.00536	-1.48287
-0.00528	0.748342
-0.0052	2.97956
-0.00512	3.72329
-0.00504	4.46703
-0.00496	3.72329
-0.00488	2.23582
-0.0048	0.0046048
-0.00472	-2.22661
-0.00464	-3.71408
-0.00456	-4.45782
-0.00448	-3.71408
-0.0044	-2.22661
-0.00432	0.0046048
-0.00424	2.23582
-0.00416	2.97956
-0.00408	2.23582
-0.004	0.748342
-0.00392	-1.48287
-0.00384	-2.97035
-0.00376	-2.97035
-0.00368	-2.22661
-0.0036	-1.48287
-0.00352	-0.739133
-0.00344	0.748342
-0.00336	2.23582
-0.00328	2.23582
-0.0032	2.23582
-0.00312	0.748342
-0.00304	0.0046048
-0.00296	0.0046048
-0.00288	0.0046048
-0.0028	1.49208
-0.00272	2.23582
-0.00264	2.23582
-0.00256	1.49208
-0.00248	0.748342
-0.0024	-1.48287
-0.00232	-2.97035
-0.00224	-3.71408
-0.00216	-3.71408
-0.00208	-2.22661
-0.002	-0.739133
-0.00192	0.0046048
-0.00184	0.748342
-0.00176	0.748342
-0.00168	1.49208
-0.0016	1.49208
-0.00152	1.49208
-0.00144	0.748342
-0.00136	0.0046048
-0.00128	0.0046048
-0.0012	0.0046048
-0.00112	0.0046048
-0.00104	0.0046048
-9.6E-4	-0.739133
-8.8E-4	-1.48287
-8.0E-4	-2.22661
-7.2E-4	-1.48287
-6.4E-4	-0.739133
-5.6E-4	0.748342
-4.8E-4	2.23582
-4.0E-4	2.97956
-3.2E-4	2.97956
-2.4E-4	2.97956
-1.6E-4	2.23582
-8.0E-5	0.748342
4.66478E-17	-0.739133
8.0E-5	-1.48287
1.6E-4	-2.22661
2.4E-4	-1.48287
3.2E-4	-1.48287
4.0E-4	-1.48287
4.8E-4	-1.48287
5.6E-4	-1.48287
6.4E-4	-2.22661
7.2E-4	-2.22661
8.0E-4	-2.22661
8.8E-4	-2.22661
9.6E-4	-1.48287
0.00104	0.0046048
0.00112	0.748342
0.0012	0.748342
0.00128	1.49208
0.00136	0.748342
0.00144	0.748342
0.00152	0.748342
0.0016	0.0046048
0.00168	0.0046048
0.00176	-0.739133
0.00184	-0.739133
0.00192	0.0046048
0.002	0.748342
0.00208	0.748342
0.00216	0.748342
0.00224	0.748342
0.00232	0.0046048
0.0024	-0.739133
0.00248	-1.48287
0.00256	-2.22661
0.00264	-2.22661
0.00272	-1.48287
0.0028	-0.739133
0.00288	0.748342
0.00296	0.748342
0.00304	1.49208
0.00312	1.49208
0.0032	1.49208
0.00328	1.49208
0.00336	0.748342
0.00344	0.0046048
0.00352	0.0046048
0.0036	0.0046048
0.00368	0.0046048
0.00376	0.748342
0.00384	0.748342
0.00392	0.748342
0.004	0.0046048
0.00408	0.0046048
0.00416	-1.48287
0.00424	-2.22661
0.00432	-2.22661
0.0044	-2.22661
0.00448	-0.739133
0.00456	-0.739133
0.00464	0.0046048
0.00472	0.0046048
0.0048	-0.739133
0.00488	-1.48287
0.00496	-2.22661
0.00504	-2.22661
0.00512	-2.97035
0.0052	-2.22661
0.00528	-2.97035
0.00536	-2.22661
0.00544	-1.48287
0.00552	-0.739133
0.0056	-0.739133
0.00568	-1.48287
0.00576	-1.48287
0.00584	-2.22661
0.00592	-2.22661
0.006	-2.22661
0.00608	-2.97035
0.00616	-2.97035
0.00624	-2.97035
0.00632	-2.97035
0.0064	-2.22661
0.00648	-2.97035
0.00656	-3.71408
0.00664	-4.45782
0.00672	-5.20156
0.0068	-5.20156
0.00688	-5.9453
0.00696	-5.9453
0.00704	-5.9453
0.00712	-5.9453
0.0072	-5.9453
0.00728	-5.9453
0.00736	-6.68903
0.00744	-6.68903
0.00752	-7.43277
0.0076	-7.43277
0.00768	-7.43277
0.00776	-7.43277
0.00784	-6.68903
0.00792	-5.9453
0.008	-5.9453
0.00808	-5.20156
0.00816	-5.9453
0.00824	-6.68903
0.00832	-7.43277
0.0084	-7.43277
0.00848	-8.92025
0.00856	-9.66398
0.00864	-10.4077
0.00872	-10.4077
0.0088	-11.1514
0.00888	-10.4077
0.00896	-9.66398
0.00904	-8.92025
0.00912	-8.92025
0.0092	-8.17651
0.00928	-8.92025
0.00936	-8.92025
0.00944	-8.92025
0.00952	-8.92025
0.0096	-8.17651
0.00968	-7.43277
0.00976	-6.68903
0.00984	-7.43277
0.00992	-7.43277
0.01	-8.17651
0.01008	-7.43277
0.01016	-7.43277
0.01024	-7.43277
0.01032	-6.68903
0.0104	-5.20156
0.01048	-3.71408
0.01056	-2.22661
0.01064	-2.22661
0.01072	-2.22661
0.0108	-2.97035
0.01088	-2.97035
0.01096	-2.97035
0.01104	-2.22661
0.01112	-1.48287
0.0112	-0.739133
0.01128	-1.48287
0.01136	-2.22661
0.01144	-2.97035
0.01152	-3.71408
0.0116	-4.45782
0.01168	-3.71408
0.01176	-2.97035
0.01184	-2.97035
0.01192	-2.97035
0.012	-2.97035
0.01208	-3.71408
0.01216	-4.45782
0.01224	-5.20156
0.01232	-5.9453
0.0124	-5.9453
0.01248	-5.9453
0.01256	-5.20156
0.01264	-3.71408
0.01272	-2.97035
0.0128	-1.48287
0.01288	0.0046048
0.01296	0.748342
0.01304	0.0046048
0.01312	0.0046048
0.0132	-0.739133
0.01328	-1.48287
0.01336	-2.22661
0.01344	-1.48287
0.01352	-1.48287
0.0136	-1.48287
0.01368	-0.739133
0.01376	-0.739133
0.01384	-0.739133
0.01392	-1.48287
0.014	-2.22661
0.01408	-3.71408
0.01416	-3.71408
0.01424	-3.71408
0.01432	-4.45782
0.0144	-5.9453
0.01448	-6.68903
0.01456	-8.17651
0.01464	-8.17651
0.01472	-8.17651
0.0148	-7.43277
0.01488	-7.43277
0.01496	-8.17651
0.01504	-8.92025
0.01512	-10.4077
0.0152	-12.6389
0.01528	-14.1264
0.01536	-14.8701
0.01544	-15.6138
0.01552	-15.6138
0.0156	-16.3576
0.01568	-17.1014
0.01576	-17.8451
0.01584	-17.8451
0.01592	-17.1014
0.016	-16.3576
0.01608	-15.6138
0.01616	-15.6138
0.01624	-16.3576
0.01632	-17.1014
0.0164	-19.3326
0.01648	-20.0763
0.01656	-21.5638
0.01664	-24.5387
0.01672	-26.0262
0.0168	-27.5137
0.01688	-27.5137
0.01696	-28.2574
0.01704	-29.0012
0.01712	-31.2324
0.0172	-34.2073
0.01728	-36.4385
0.01736	-38.6698
0.01744	-39.4135
0.01752	-39.4135
0.0176	-38.6698
0.01768	-34.9511
0.01776	-30.4886
0.01784	-24.5387
0.01792	-19.3326
0.018	-14.8701
0.01808	-12.6389
0.01816	-10.4077
0.01824	-8.17651
0.01832	-5.9453
0.0184	-5.20156
0.01848	-6.68903
0.01856	-8.92025
0.01864	-11.8952
0.01872	-14.1264
0.0188	-17.1014
0.01888	-19.3326
0.01896	-20.82
0.01904	-20.0763
0.01912	-17.1014
0.0192	-11.1514
0.01928	-3.71408
0.01936	2.23582
0.01944	6.69824
0.01952	9.67319
0.0196	10.4169
0.01968	8.18572
0.01976	4.46703
0.01984	0.0046048
0.01992	-4.45782
0.02	-6.68903
0.02008	-8.17651
0.02016	-8.92025
0.02024	-8.92025
0.02032	-6.68903
0.0204	-2.97035
0.02048	2.23582
0.02056	5.95451
0.02064	8.92946
0.02072	9.67319
0.0208	8.18572
0.02088	5.21077
0.02096	0.748342
0.02104	-4.45782
0.02112	-8.17651
0.0212	-9.66398
0.02128	-8.17651
0.02136	-5.20156
0.02144	-2.97035
0.02152	-2.97035
0.0216	-5.9453
0.02168	-8.92025
0.02176	-11.1514
0.02184	-12.6389
0.02192	-14.8701
0.022	-17.1014
0.02208	-19.3326
0.02216	-20.82
0.02224	-19.3326
0.02232	-14.8701
0.0224	-9.66398
0.02248	-3.71408
0.02256	0.0046048
0.02264	1.49208
0.02272	2.23582
0.0228	0.748342
0.02288	-2.22661
0.02296	-6.68903
0.02304	-11.1514
0.02312	-15.6138
0.0232	-18.5888
0.02328	-20.82
0.02336	-21.5638
0.02344	-22.3075
0.02352	-20.82
0.0236	-17.8451
0.02368	-12.6389
0.02376	-7.43277
0.02384	-3.71408
0.02392	-2.22661
0.024	-3.71408
0.02408	-7.43277
0.02416	-12.6389
0.02424	-19.3326
0.02432	-25.2825
0.0244	-29.7449
0.02448	-33.4636
0.02456	-35.6948
0.02464	-36.4385
0.02472	-35.6948
0.0248	-34.2073
0.02488	-31.2324
0.02496	-27.5137
0.02504	-23.795
0.02512	-20.0763
0.0252	-18.5888
0.02528	-17.8451
0.02536	-17.8451
0.02544	-17.8451
0.02552	-17.1014
0.0256	-15.6138
0.02568	-15.6138
0.02576	-15.6138
0.02584	-17.8451
0.02592	-20.0763
0.026	-22.3075
0.02608	-23.795
0.02616	-23.795
0.02624	-22.3075
0.02632	-19.3326
0.0264	-17.1014
0.02648	-15.6138
0.02656	-15.6138
0.02664	-17.1014
0.02672	-18.5888
0.0268	-18.5888
0.02688	-17.8451
0.02696	-17.1014
0.02704	-15.6138
0.02712	-14.1264
0.0272	-11.8952
0.02728	-9.66398
0.02736	-9.66398
0.02744	-10.4077
0.02752	-11.8952
0.0276	-12.6389
0.02768	-12.6389
0.02776	-11.8952
0.02784	-11.1514
0.02792	-10.4077
0.028	-10.4077
0.02808	-9.66398
0.02816	-8.17651
0.02824	-5.9453
0.02832	-3.71408
0.0284	-2.97035
0.02848	-3.71408
0.02856	-5.20156
0.02864	-7.43277
0.02872	-8.92025
0.0288	-10.4077
0.02888	-11.8952
0.02896	-11.8952
0.02904	-12.6389
0.02912	-12.6389
0.0292	-11.1514
0.02928	-8.92025
0.02936	-5.20156
0.02944	-2.97035
0.02952	-0.739133
0.0296	-1.48287
0.02968	-3.71408
0.02976	-8.17651
0.02984	-11.1514
0.02992	-14.1264
0.03	-15.6138
0.03008	-15.6138
0.03016	-14.8701
0.03024	-15.6138
0.03032	-15.6138
0.0304	-16.3576
0.03048	-17.1014
0.03056	-17.8451
0.03064	-17.1014
0.03072	-17.8451
0.0308	-17.8451
0.03088	-17.1014
0.03096	-15.6138
0.03104	-15.6138
0.03112	-15.6138
0.0312	-17.1014
0.03128	-18.5888
0.03136	-19.3326
0.03144	-19.3326
0.03152	-18.5888
0.0316	-17.1014
0.03168	-14.8701
0.03176	-11.8952
0.03184	-8.92025
0.03192	-5.9453
0.032	-5.20156
0.03208	-5.9453
0.03216	-8.17651
0.03224	-9.66398
0.03232	-11.8952
0.0324	-13.3826
0.03248	-13.3826
0.03256	-11.8952
0.03264	-8.92025
0.03272	-7.43277
0.0328	-7.43277
0.03288	-8.17651
0.03296	-8.17651
0.03304	-8.17651
0.03312	-6.68903
0.0332	-5.9453
0.03328	-5.20156
0.03336	-5.20156
0.03344	-5.9453
0.03352	-7.43277
0.0336	-10.4077
0.03368	-14.1264
0.03376	-17.8451
0.03384	-21.5638
0.03392	-23.0513
0.034	-24.5387
0.03408	-24.5387
0.03416	-24.5387
0.03424	-25.2825
0.03432	-25.2825
0.0344	-25.2825
0.03448	-23.795
0.03456	-21.5638
0.03464	-17.8451
0.03472	-14.1264
0.0348	-11.1514
0.03488	-8.17651
0.03496	-8.17651
0.03504	-9.66398
0.03512	-12.6389
0.0352	-17.8451
0.03528	-23.0513
0.03536	-26.7699
0.03544	-29.0012
0.03552	-29.7449
0.0356	-29.0012
0.03568	-26.7699
0.03576	-25.2825
0.03584	-24.5387
0.03592	-26.0262
0.036	-26.7699
0.03608	-26.0262
0.03616	-23.0513
0.03624	-18.5888
0.03632	-15.6138
0.0364	-14.1264
0.03648	-14.8701
0.03656	-16.3576
0.03664	-17.8451
0.03672	-17.1014
0.0368	-14.8701
0.03688	-14.1264
0.03696	-14.1264
0.03704	-14.1264
0.03712	-14.8701
0.0372	-15.6138
0.03728	-15.6138
0.03736	-16.3576
0.03744	-18.5888
0.03752	-21.5638
0.0376	-25.2825
0.03768	-28.2574
0.03776	-29.7449
0.03784	-29.7449
0.03792	-27.5137
0.038	-23.795
0.03808	-20.82
0.03816	-17.8451
0.03824	-17.1014
0.03832	-17.1014
0.0384	-18.5888
0.03848	-20.0763
0.03856	-23.0513
0.03864	-27.5137
0.03872	-34.2073
0.0388	-38.6698
0.03888	-39.4135
0.03896	-35.6948
0.03904	-29.7449
0.03912	-23.795
0.0392	-20.82
0.03928	-20.82
0.03936	-22.3075
0.03944	-24.5387
0.03952	-28.2574
0.0396	-32.7198
0.03968	-39.4135
0.03976	-45.3634
0.03984	-50.5696
0.03992	-51.3133
0.04	-47.5946
0.04008	-40.1572
0.04016	-30.4886
0.04024	-18.5888
0.04032	-4.45782
0.0404	7.44198
0.04048	16.3668
0.04056	20.8293
0.04064	19.3418
0.04072	11.9044
0.0408	0.0046048
0.04088	-14.8701
0.04096	-26.0262
0.04104	-32.7198
0.04112	-33.4636
0.0412	-31.9761
0.04128	-29.7449
0.04136	-26.7699
0.04144	-21.5638
0.04152	-14.1264
0.0416	-6.68903
0.04168	-4.45782
0.04176	-11.1514
0.04184	-26.7699
0.04192	-45.3634
0.042	-60.2381
0.04208	-71.3942
0.04216	-78.0878
0.04224	-82.5503
0.04232	-78.8316
0.0424	-66.188
0.04248	-45.3634
0.04256	-21.5638
0.04264	-2.22661
0.04272	8.92946
0.0428	9.67319
0.04288	0.748342
0.04296	-13.3826
0.04304	-29.7449
0.04312	-43.8759
0.0432	-52.057
0.04328	-53.5445
0.04336	-49.8258
0.04344	-42.3884
0.04352	-35.6948
0.0436	-29.7449
0.04368	-26.7699
0.04376	-23.795
0.04384	-21.5638
0.04392	-18.5888
0.044	-14.8701
0.04408	-10.4077
0.04416	-7.43277
0.04424	-5.9453
0.04432	-6.68903
0.0444	-8.92025
0.04448	-11.1514
0.04456	-14.8701
0.04464	-21.5638
0.04472	-31.9761
0.0448	-43.1322
0.04488	-52.8008
0.04496	-58.7507
0.04504	-59.4944
0.04512	-54.2882
0.0452	-46.8509
0.04528	-38.6698
0.04536	-30.4886
0.04544	-23.795
0.04552	-18.5888
0.0456	-16.3576
0.04568	-17.8451
0.04576	-24.5387
0.04584	-34.2073
0.04592	-44.6197
0.046	-51.3133
0.04608	-52.8008
0.04616	-46.8509
0.04624	-34.9511
0.04632	-21.5638
0.0464	-10.4077
0.04648	-5.9453
0.04656	-6.68903
0.04664	-11.1514
0.04672	-15.6138
0.0468	-21.5638
0.04688	-29.0012
0.04696	-38.6698
0.04704	-46.8509
0.04712	-50.5696
0.0472	-47.5946
0.04728	-39.4135
0.04736	-29.0012
0.04744	-20.0763
0.04752	-13.3826
0.0476	-9.66398
0.04768	-8.92025
0.04776	-11.1514
0.04784	-15.6138
0.04792	-20.82
0.048	-25.2825
0.04808	-27.5137
0.04816	-26.7699
0.04824	-23.795
0.04832	-17.8451
0.0484	-11.1514
0.04848	-6.68903
0.04856	-5.20156
0.04864	-7.43277
0.04872	-10.4077
0.0488	-14.1264
0.04888	-17.8451
0.04896	-21.5638
0.04904	-25.2825
0.04912	-27.5137
0.0492	-26.7699
0.04928	-21.5638
0.04936	-14.8701
0.04944	-8.92025
0.04952	-5.20156
0.0496	-2.97035
0.04968	-2.97035
0.04976	-5.20156
0.04984	-11.1514
0.04992	-20.0763
0.05	-29.0012
0.05008	-36.4385
0.05016	-40.901
0.05024	-41.6447
0.05032	-36.4385
0.0504	-29.0012
0.05048	-19.3326
0.05056	-10.4077
0.05064	-3.71408
0.05072	-0.739133
0.0508	-0.739133
0.05088	-4.45782
0.05096	-9.66398
0.05104	-16.3576
0.05112	-23.795
0.0512	-31.2324
0.05128	-37.926
0.05136	-44.6197
0.05144	-49.8258
0.05152	-55.7757
0.0516	-59.4944
0.05168	-60.2381
0.05176	-58.0069
0.05184	-54.2882
0.05192	-51.3133
0.052	-49.0821
0.05208	-48.3383
0.05216	-49.0821
0.05224	-50.5696
0.05232	-52.057
0.0524	-52.8008
0.05248	-52.057
0.05256	-49.0821
0.05264	-43.8759
0.05272	-37.926
0.0528	-32.7198
0.05288	-28.2574
0.05296	-26.0262
0.05304	-24.5387
0.05312	-27.5137
0.0532	-31.2324
0.05328	-33.4636
0.05336	-34.2073
0.05344	-31.9761
0.05352	-30.4886
0.0536	-31.2324
0.05368	-33.4636
0.05376	-35.6948
0.05384	-36.4385
0.05392	-33.4636
0.054	-30.4886
0.05408	-29.0012
0.05416	-29.0012
0.05424	-30.4886
0.05432	-31.2324
0.0544	-31.2324
0.05448	-32.7198
0.05456	-34.2073
0.05464	-36.4385
0.05472	-36.4385
0.0548	-35.6948
0.05488	-34.2073
0.05496	-32.7198
0.05504	-31.2324
0.05512	-30.4886
0.0552	-30.4886
0.05528	-30.4886
0.05536	-26.0262
0.05544	-20.82
0.05552	-14.8701
0.0556	-9.66398
0.05568	-4.45782
0.05576	-2.97035
0.05584	-6.68903
0.05592	-17.8451
0.056	-30.4886
0.05608	-34.2073
0.05616	-23.795
0.05624	-4.45782
0.05632	17.8543
0.0564	34.9603
0.05648	43.8851
0.05656	37.9352
0.05664	16.3668
0.05672	-16.3576
0.0568	-45.3634
0.05688	-58.0069
0.05696	-52.8008
0.05704	-36.4385
0.05712	-19.3326
0.0572	-10.4077
0.05728	-10.4077
0.05736	-16.3576
0.05744	-23.795
0.05752	-31.9761
0.0576	-40.1572
0.05768	-47.5946
0.05776	-51.3133
0.05784	-46.8509
0.05792	-34.9511
0.058	-22.3075
0.05808	-12.6389
0.05816	-6.68903
0.05824	-2.97035
0.05832	-1.48287
0.0584	-2.97035
0.05848	-6.68903
0.05856	-14.8701
0.05864	-23.795
0.05872	-31.2324
0.0588	-34.2073
0.05888	-30.4886
0.05896	-23.0513
0.05904	-15.6138
0.05912	-11.8952
0.0592	-12.6389
0.05928	-14.8701
0.05936	-15.6138
0.05944	-13.3826
0.05952	-10.4077
0.0596	-7.43277
0.05968	-5.9453
0.05976	-6.68903
0.05984	-11.8952
0.05992	-19.3326
0.06	-27.5137
0.06008	-31.9761
0.06016	-32.7198
0.06024	-31.2324
0.06032	-29.0012
0.0604	-26.0262
0.06048	-23.0513
0.06056	-22.3075
0.06064	-26.0262
0.06072	-31.9761
0.0608	-36.4385
0.06088	-37.926
0.06096	-37.1823
0.06104	-34.2073
0.06112	-31.2324
0.0612	-26.0262
0.06128	-20.0763
0.06136	-13.3826
0.06144	-8.17651
0.06152	-4.45782
0.0616	-6.68903
0.06168	-10.4077
0.06176	-14.1264
0.06184	-16.3576
0.06192	-18.5888
0.062	-21.5638
0.06208	-23.0513
0.06216	-23.795
0.06224	-21.5638
0.06232	-18.5888
0.0624	-19.3326
0.06248	-23.0513
0.06256	-28.2574
0.06264	-31.9761
0.06272	-31.9761
0.0628	-28.2574
0.06288	-23.0513
0.06296	-18.5888
0.06304	-17.1014
0.06312	-19.3326
0.0632	-22.3075
0.06328	-25.2825
0.06336	-29.0012
0.06344	-31.2324
0.06352	-32.7198
0.0636	-32.7198
0.06368	-31.2324
0.06376	-29.7449
0.06384	-28.2574
0.06392	-29.7449
0.064	-33.4636
0.06408	-35.6948
0.06416	-31.9761
0.06424	-23.795
0.06432	-17.1014
0.0644	-15.6138
0.06448	-19.3326
0.06456	-24.5387
0.06464	-27.5137
0.06472	-28.2574
0.0648	-29.0012
0.06488	-29.0012
0.06496	-27.5137
0.06504	-25.2825
0.06512	-24.5387
0.0652	-21.5638
0.06528	-19.3326
0.06536	-18.5888
0.06544	-20.0763
0.06552	-23.795
0.0656	-28.2574
0.06568	-32.7198
0.06576	-35.6948
0.06584	-39.4135
0.06592	-42.3884
0.066	-45.3634
0.06608	-46.8509
0.06616	-46.1071
0.06624	-45.3634
0.06632	-43.1322
0.0664	-41.6447
0.06648	-38.6698
0.06656	-35.6948
0.06664	-31.9761
0.06672	-29.0012
0.0668	-28.2574
0.06688	-26.7699
0.06696	-26.7699
0.06704	-27.5137
0.06712	-29.0012
0.0672	-31.9761
0.06728	-34.2073
0.06736	-36.4385
0.06744	-38.6698
0.06752	-38.6698
0.0676	-37.1823
0.06768	-34.9511
0.06776	-31.9761
0.06784	-29.0012
0.06792	-25.2825
0.068	-21.5638
0.06808	-22.3075
0.06816	-27.5137
0.06824	-33.4636
0.06832	-39.4135
0.0684	-43.8759
0.06848	-47.5946
0.06856	-48.3383
0.06864	-45.3634
0.06872	-37.926
0.0688	-30.4886
0.06888	-26.0262
0.06896	-26.0262
0.06904	-27.5137
0.06912	-29.0012
0.0692	-30.4886
0.06928	-34.2073
0.06936	-38.6698
0.06944	-40.1572
0.06952	-37.926
0.0696	-32.7198
0.06968	-28.2574
0.06976	-24.5387
0.06984	-19.3326
0.06992	-13.3826
0.07	-10.4077
0.07008	-13.3826
0.07016	-19.3326
0.07024	-21.5638
0.07032	-20.0763
0.0704	-18.5888
0.07048	-17.8451
0.07056	-21.5638
0.07064	-26.7699
0.07072	-33.4636
0.0708	-38.6698
0.07088	-40.901
0.07096	-38.6698
0.07104	-33.4636
0.07112	-27.5137
0.0712	-24.5387
0.07128	-22.3075
0.07136	-23.0513
0.07144	-26.0262
0.07152	-29.0012
0.0716	-31.2324
0.07168	-32.7198
0.07176	-31.9761
0.07184	-30.4886
0.07192	-25.2825
0.072	-20.82
0.07208	-19.3326
0.07216	-20.0763
0.07224	-22.3075
0.07232	-24.5387
0.0724	-24.5387
0.07248	-22.3075
0.07256	-20.0763
0.07264	-20.0763
0.07272	-23.0513
0.0728	-26.7699
0.07288	-30.4886
0.07296	-33.4636
0.07304	-34.9511
0.07312	-34.2073
0.0732	-31.2324
0.07328	-27.5137
0.07336	-23.795
0.07344	-20.82
0.07352	-19.3326
0.0736	-19.3326
0.07368	-20.82
0.07376	-24.5387
0.07384	-29.0012
0.07392	-29.7449
0.074	-28.2574
0.07408	-25.2825
0.07416	-26.7699
0.07424	-34.9511
0.07432	-46.1071
0.0744	-52.8008
0.07448	-49.0821
0.07456	-39.4135
0.07464	-31.9761
0.07472	-28.2574
0.0748	-27.5137
0.07488	-27.5137
0.07496	-26.7699
0.07504	-25.2825
0.07512	-21.5638
0.0752	-14.8701
0.07528	-5.20156
0.07536	2.23582
0.07544	2.23582
0.07552	-7.43277
0.0756	-21.5638
0.07568	-34.2073
0.07576	-41.6447
0.07584	-43.1322
0.07592	-43.1322
0.076	-43.8759
0.07608	-46.1071
0.07616	-47.5946
0.07624	-46.8509
0.07632	-42.3884
0.0764	-35.6948
0.07648	-29.7449
0.07656	-24.5387
0.07664	-22.3075
0.07672	-23.0513
0.0768	-25.2825
0.07688	-26.0262
0.07696	-26.0262
0.07704	-26.0262
0.07712	-28.2574
0.0772	-31.9761
0.07728	-35.6948
0.07736	-38.6698
0.07744	-40.901
0.07752	-40.901
0.0776	-38.6698
0.07768	-34.2073
0.07776	-29.0012
0.07784	-24.5387
0.07792	-20.82
0.078	-19.3326
0.07808	-23.0513
0.07816	-31.9761
0.07824	-44.6197
0.07832	-55.032
0.0784	-62.4694
0.07848	-63.9568
0.07856	-58.7507
0.07864	-49.0821
0.07872	-35.6948
0.0788	-23.0513
0.07888	-14.8701
0.07896	-12.6389
0.07904	-14.1264
0.07912	-16.3576
0.0792	-18.5888
0.07928	-20.0763
0.07936	-20.82
0.07944	-23.795
0.07952	-28.2574
0.0796	-32.7198
0.07968	-35.6948
0.07976	-36.4385
0.07984	-34.2073
0.07992	-29.0012
0.08	-26.7699
0.08008	-28.2574
0.08016	-31.2324
0.08024	-33.4636
0.08032	-33.4636
0.0804	-33.4636
0.08048	-34.2073
0.08056	-34.9511
0.08064	-37.926
0.08072	-42.3884
0.0808	-46.1071
0.08088	-47.5946
0.08096	-45.3634
0.08104	-40.1572
0.08112	-34.9511
0.0812	-31.9761
0.08128	-29.7449
0.08136	-29.0012
0.08144	-29.0012
0.08152	-31.9761
0.0816	-35.6948
0.08168	-39.4135
0.08176	-41.6447
0.08184	-43.1322
0.08192	-43.8759
0.082	-45.3634
0.08208	-46.1071
0.08216	-45.3634
0.08224	-44.6197
0.08232	-43.8759
0.0824	-42.3884
0.08248	-40.1572
0.08256	-35.6948
0.08264	-29.0012
0.08272	-22.3075
0.0828	-18.5888
0.08288	-17.1014
0.08296	-18.5888
0.08304	-21.5638
0.08312	-27.5137
0.0832	-34.9511
0.08328	-42.3884
0.08336	-45.3634
0.08344	-42.3884
0.08352	-35.6948
0.0836	-27.5137
0.08368	-20.0763
0.08376	-16.3576
0.08384	-16.3576
0.08392	-21.5638
0.084	-27.5137
0.08408	-33.4636
0.08416	-36.4385
0.08424	-34.9511
0.08432	-29.7449
0.0844	-23.0513
0.08448	-16.3576
0.08456	-13.3826
0.08464	-14.1264
0.08472	-17.8451
0.0848	-22.3075
0.08488	-25.2825
0.08496	-28.2574
0.08504	-29.7449
0.08512	-29.7449
0.0852	-28.2574
0.08528	-26.0262
0.08536	-24.5387
0.08544	-23.795
0.08552	-24.5387
0.0856	-25.2825
0.08568	-26.7699
0.08576	-26.7699
0.08584	-27.5137
0.08592	-26.0262
0.086	-26.0262
0.08608	-26.0262
0.08616	-25.2825
0.08624	-25.2825
0.08632	-23.795
0.0864	-23.0513
0.08648	-21.5638
0.08656	-20.0763
0.08664	-19.3326
0.08672	-19.3326
0.0868	-19.3326
0.08688	-20.82
0.08696	-22.3075
0.08704	-23.0513
0.08712	-23.0513
0.0872	-23.0513
0.08728	-23.0513
0.08736	-21.5638
0.08744	-19.3326
0.08752	-17.1014
0.0876	-13.3826
0.08768	-9.66398
0.08776	-6.68903
0.08784	-6.68903
0.08792	-9.66398
0.088	-13.3826
0.08808	-16.3576
0.08816	-17.1014
0.08824	-17.1014
0.08832	-15.6138
0.0884	-13.3826
0.08848	-10.4077
0.08856	-9.66398
0.08864	-9.66398
0.08872	-11.1514
0.0888	-12.6389
0.08888	-13.3826
0.08896	-14.8701
0.08904	-16.3576
0.08912	-18.5888
0.0892	-17.8451
0.08928	-16.3576
0.08936	-14.8701
0.08944	-14.1264
0.08952	-14.8701
0.0896	-16.3576
0.08968	-17.1014
0.08976	-16.3576
0.08984	-15.6138
0.08992	-14.1264
0.09	-14.1264
0.09008	-14.8701
0.09016	-15.6138
0.09024	-17.1014
0.09032	-19.3326
0.0904	-20.82
0.09048	-22.3075
0.09056	-22.3075
0.09064	-22.3075
0.09072	-21.5638
0.0908	-22.3075
0.09088	-22.3075
0.09096	-21.5638
0.09104	-20.82
0.09112	-22.3075
0.0912	-23.795
0.09128	-24.5387
0.09136	-23.795
0.09144	-21.5638
0.09152	-17.8451
0.0916	-15.6138
0.09168	-16.3576
0.09176	-18.5888
0.09184	-20.82
0.09192	-22.3075
0.092	-23.795
0.09208	-23.795
0.09216	-24.5387
0.09224	-25.2825
0.09232	-27.5137
0.0924	-28.2574
0.09248	-27.5137
0.09256	-26.0262
0.09264	-25.2825
0.09272	-23.795
0.0928	-21.5638
0.09288	-18.5888
0.09296	-18.5888
0.09304	-20.0763
0.09312	-21.5638
0.0932	-22.3075
0.09328	-23.0513
0.09336	-22.3075
0.09344	-20.82
0.09352	-17.8451
0.0936	-16.3576
0.09368	-14.1264
0.09376	-13.3826
0.09384	-14.1264
0.09392	-17.1014
0.094	-20.0763
0.09408	-23.0513
0.09416	-23.0513
0.09424	-22.3075
0.09432	-20.0763
0.0944	-19.3326
0.09448	-18.5888
0.09456	-17.1014
0.09464	-14.8701
0.09472	-11.8952
0.0948	-8.17651
0.09488	-4.45782
0.09496	-5.20156
0.09504	-8.92025
0.09512	-14.1264
0.0952	-17.1014
0.09528	-17.8451
0.09536	-17.1014
0.09544	-14.8701
0.09552	-14.1264
0.0956	-15.6138
0.09568	-20.0763
0.09576	-26.0262
0.09584	-29.7449
0.09592	-29.7449
0.096	-24.5387
0.09608	-17.1014
0.09616	-11.1514
0.09624	-9.66398
0.09632	-11.1514
0.0964	-14.1264
0.09648	-17.1014
0.09656	-17.8451
0.09664	-17.1014
0.09672	-17.1014
0.0968	-17.1014
0.09688	-17.1014
0.09696	-16.3576
0.09704	-15.6138
0.09712	-13.3826
0.0972	-12.6389
0.09728	-12.6389
0.09736	-14.1264
0.09744	-14.8701
0.09752	-15.6138
0.0976	-13.3826
0.09768	-11.8952
0.09776	-12.6389
0.09784	-15.6138
0.09792	-18.5888
0.098	-20.0763
0.09808	-19.3326
0.09816	-17.8451
0.09824	-15.6138
0.09832	-14.8701
0.0984	-13.3826
0.09848	-11.8952
0.09856	-11.1514
0.09864	-11.8952
0.09872	-12.6389
0.0988	-11.8952
0.09888	-10.4077
0.09896	-8.17651
0.09904	-7.43277
0.09912	-8.17651
0.0992	-9.66398
0.09928	-10.4077
0.09936	-10.4077
0.09944	-10.4077
0.09952	-10.4077
0.0996	-9.66398
0.09968	-8.92025
0.09976	-8.92025
0.09984	-7.43277
0.09992	-5.20156
0.1	-4.45782
0.10008	-4.45782
0.10016	-5.9453
0.10024	-7.43277
0.10032	-6.68903
0.1004	-4.45782
0.10048	-0.739133
0.10056	2.97956
0.10064	5.95451
0.10072	8.92946
0.1008	11.1606
0.10088	12.6481
0.10096	14.1356
0.10104	16.3668
0.10112	17.8543
0.1012	18.598
0.10128	16.3668
0.10136	11.1606
0.10144	2.23582
0.10152	-6.68903
0.1016	-14.8701
0.10168	-18.5888
0.10176	-17.8451
0.10184	-16.3576
0.10192	-12.6389
0.102	-8.92025
0.10208	-6.68903
0.10216	-5.20156
0.10224	-3.71408
0.10232	-4.45782
0.1024	-5.9453
0.10248	-7.43277
0.10256	-6.68903
0.10264	-2.22661
0.10272	3.72329
0.1028	9.67319
0.10288	11.1606
0.10296	8.18572
0.10304	2.23582
0.10312	-3.71408
0.1032	-7.43277
0.10328	-6.68903
0.10336	-4.45782
0.10344	-4.45782
0.10352	-6.68903
0.1036	-9.66398
0.10368	-14.1264
0.10376	-16.3576
0.10384	-17.8451
0.10392	-17.8451
0.104	-17.1014
0.10408	-15.6138
0.10416	-12.6389
0.10424	-8.92025
0.10432	-5.9453
0.1044	-2.22661
0.10448	1.49208
0.10456	4.46703
0.10464	5.95451
0.10472	5.21077
0.1048	1.49208
0.10488	-3.71408
0.10496	-11.1514
0.10504	-18.5888
0.10512	-26.0262
0.1052	-29.7449
0.10528	-29.7449
0.10536	-25.2825
0.10544	-16.3576
0.10552	-5.9453
0.1056	0.748342
0.10568	2.97956
0.10576	0.748342
0.10584	-4.45782
0.10592	-9.66398
0.106	-13.3826
0.10608	-14.1264
0.10616	-12.6389
0.10624	-9.66398
0.10632	-7.43277
0.1064	-5.9453
0.10648	-4.45782
0.10656	-4.45782
0.10664	-5.9453
0.10672	-8.17651
0.1068	-9.66398
0.10688	-9.66398
0.10696	-8.17651
0.10704	-5.9453
0.10712	-4.45782
0.1072	-2.97035
0.10728	-2.97035
0.10736	-3.71408
0.10744	-3.71408
0.10752	-3.71408
0.1076	-3.71408
0.10768	-2.22661
0.10776	-0.739133
0.10784	0.748342
0.10792	0.748342
0.108	0.0046048
0.10808	-1.48287
0.10816	-2.22661
0.10824	-3.71408
0.10832	-5.20156
0.1084	-5.20156
0.10848	-5.9453
0.10856	-4.45782
0.10864	-2.97035
0.10872	-0.739133
0.1088	0.748342
0.10888	0.748342
0.10896	-1.48287
0.10904	-4.45782
0.10912	-5.20156
0.1092	-5.20156
0.10928	-2.97035
0.10936	0.0046048
0.10944	1.49208
0.10952	0.748342
0.1096	-1.48287
0.10968	-3.71408
0.10976	-5.20156
0.10984	-3.71408
0.10992	-2.22661
0.11	0.0046048
0.11008	1.49208
0.11016	1.49208
0.11024	0.748342
0.11032	-2.22661
0.1104	-4.45782
0.11048	-4.45782
0.11056	-3.71408
0.11064	-1.48287
0.11072	0.748342
0.1108	1.49208
0.11088	0.748342
0.11096	0.0046048
0.11104	-1.48287
0.11112	-1.48287
0.1112	0.0046048
0.11128	1.49208
0.11136	3.72329
0.11144	3.72329
0.11152	2.97956
0.1116	0.748342
0.11168	-2.22661
0.11176	-3.71408
0.11184	-5.20156
0.11192	-5.20156
0.112	-4.45782
0.11208	-2.22661
0.11216	0.748342
0.11224	2.97956
0.11232	4.46703
0.1124	3.72329
0.11248	0.748342
0.11256	-2.22661
0.11264	-5.20156
0.11272	-6.68903
0.1128	-7.43277
0.11288	-5.20156
0.11296	-2.22661
0.11304	0.0046048
0.11312	1.49208
0.1132	1.49208
0.11328	0.748342
0.11336	-0.739133
0.11344	-2.22661
0.11352	-2.97035
0.1136	-2.97035
0.11368	-2.97035
0.11376	-2.97035
0.11384	-3.71408
0.11392	-4.45782
0.114	-4.45782
0.11408	-4.45782
0.11416	-5.20156
0.11424	-5.20156
0.11432	-5.9453
0.1144	-5.9453
0.11448	-4.45782
0.11456	-2.97035
0.11464	-2.22661
0.11472	-2.22661
0.1148	-2.22661
0.11488	-2.22661
0.11496	-1.48287
0.11504	-2.22661
0.11512	-3.71408
0.1152	-6.68903
0.11528	-8.92025
0.11536	-9.66398
0.11544	-9.66398
0.11552	-8.92025
0.1156	-8.17651
0.11568	-6.68903
0.11576	-4.45782
0.11584	-1.48287
0.11592	0.0046048
0.116	-0.739133
0.11608	-2.97035
0.11616	-5.20156
0.11624	-5.9453
0.11632	-5.20156
0.1164	-2.97035
0.11648	-0.739133
0.11656	0.0046048
0.11664	-0.739133
0.11672	-1.48287
0.1168	-2.22661
0.11688	-2.22661
0.11696	-2.22661
0.11704	-2.22661
0.11712	-2.97035
0.1172	-2.97035
0.11728	-3.71408
0.11736	-3.71408
0.11744	-2.97035
0.11752	-2.22661
0.1176	-1.48287
0.11768	-0.739133
0.11776	0.0046048
0.11784	0.0046048
0.11792	-0.739133
0.118	-1.48287
0.11808	-2.22661
0.11816	-2.22661
0.11824	-2.22661
0.11832	-2.22661
0.1184	-2.22661
0.11848	-2.22661
0.11856	-2.22661
0.11864	-2.22661
0.11872	-2.22661
0.1188	-2.22661
0.11888	-2.22661
0.11896	-2.97035
0.11904	-2.97035
0.11912	-2.22661
0.1192	-1.48287
0.11928	-0.739133
0.11936	-0.739133
0.11944	-1.48287
0.11952	-1.48287
0.1196	-1.48287
0.11968	0.0046048
0.11976	0.0046048
0.11984	0.0046048
0.11992	-1.48287
0.12	-2.97035
0.12008	-2.97035
0.12016	-3.71408
0.12024	-4.45782
0.12032	-5.9453
0.1204	-6.68903
0.12048	-5.9453
0.12056	-4.45782
0.12064	-1.48287
0.12072	0.748342
0.1208	1.49208
0.12088	0.748342
0.12096	-1.48287
0.12104	-2.97035
0.12112	-2.97035
0.1212	-1.48287
0.12128	-0.739133
0.12136	-0.739133
0.12144	-2.97035
0.12152	-5.20156
0.1216	-6.68903
0.12168	-5.9453
0.12176	-3.71408
0.12184	0.0046048
0.12192	1.49208
0.122	0.0046048
0.12208	-1.48287
0.12216	-3.71408
0.12224	-3.71408
0.12232	-3.71408
0.1224	-3.71408
0.12248	-3.71408
0.12256	-4.45782
0.12264	-5.9453
0.12272	-7.43277
0.1228	-8.17651
0.12288	-6.68903
0.12296	-4.45782
0.12304	-2.22661
0.12312	0.0046048
0.1232	0.0046048
0.12328	-1.48287
0.12336	-2.97035
0.12344	-3.71408
0.12352	-3.71408
0.1236	-2.22661
0.12368	0.0046048
0.12376	2.23582
0.12384	2.97956
0.12392	2.23582
0.124	0.0046048
0.12408	-1.48287
0.12416	-2.97035
0.12424	-2.97035
0.12432	-2.22661
0.1244	-1.48287
0.12448	-1.48287
0.12456	0.0046048
0.12464	0.748342
0.12472	2.23582
0.1248	3.72329
0.12488	3.72329
0.12496	1.49208
0.12504	-0.739133
0.12512	-2.22661
0.1252	-1.48287
0.12528	0.748342
0.12536	3.72329
0.12544	5.21077
0.12552	5.21077
0.1256	2.97956
0.12568	2.23582
0.12576	1.49208
0.12584	0.748342
0.12592	0.0046048
0.126	-0.739133
0.12608	-2.22661
0.12616	-2.22661
0.12624	-1.48287
0.12632	-0.739133
0.1264	0.748342
0.12648	1.49208
0.12656	2.97956
0.12664	4.46703
0.12672	5.21077
0.1268	5.95451
0.12688	4.46703
0.12696	2.23582
0.12704	-0.739133
0.12712	-2.97035
0.1272	-3.71408
0.12728	-2.97035
0.12736	-0.739133
0.12744	0.748342
0.12752	2.23582
0.1276	2.23582
0.12768	0.0046048
0.12776	-1.48287
0.12784	-3.71408
0.12792	-5.20156
0.128	-5.20156
0.12808	-3.71408
0.12816	-2.22661
0.12824	-1.48287
0.12832	-0.739133
0.1284	-1.48287
0.12848	-1.48287
0.12856	-2.22661
0.12864	-2.22661
0.12872	-2.22661
0.1288	-2.22661
0.12888	-2.22661
0.12896	-2.22661
0.12904	-2.22661
0.12912	-2.22661
0.1292	-2.22661
0.12928	-1.48287
0.12936	-1.48287
0.12944	-2.97035
0.12952	-4.45782
0.1296	-6.68903
0.12968	-8.17651
0.12976	-8.17651
0.12984	-6.68903
0.12992	-5.20156
0.13	-3.71408
0.13008	-3.71408
0.13016	-3.71408
0.13024	-5.20156
0.13032	-5.9453
0.1304	-5.20156
0.13048	-3.71408
0.13056	-2.22661
0.13064	-0.739133
0.13072	-1.48287
0.1308	-2.22661
0.13088	-3.71408
0.13096	-3.71408
0.13104	-2.97035
0.13112	-2.22661
0.1312	-2.22661
0.13128	-2.97035
0.13136	-4.45782
0.13144	-5.9453
0.13152	-5.9453
0.1316	-5.20156
0.13168	-4.45782
0.13176	-3.71408
0.13184	-4.45782
0.13192	-5.20156
0.132	-5.20156
0.13208	-4.45782
0.13216	-2.22661
0.13224	0.0046048
0.13232	2.23582
0.1324	1.49208
0.13248	0.0046048
0.13256	-3.71408
0.13264	-5.9453
0.13272	-6.68903
0.1328	-5.20156
0.13288	-2.97035
0.13296	-0.739133
0.13304	0.0046048
0.13312	-0.739133
0.1332	-1.48287
0.13328	-1.48287
0.13336	-0.739133
0.13344	0.0046048
0.13352	-0.739133
0.1336	-2.22661
0.13368	-2.97035
0.13376	-3.71408
0.13384	-2.22661
0.13392	-1.48287
0.134	0.0046048
0.13408	0.0046048
0.13416	-0.739133
0.13424	-2.22661
0.13432	-2.97035
0.1344	-2.97035
0.13448	-2.22661
0.13456	-1.48287
0.13464	-0.739133
0.13472	0.0046048
0.1348	0.0046048
0.13488	0.0046048
0.13496	0.0046048
0.13504	-0.739133
0.13512	-1.48287
0.1352	-1.48287
0.13528	-2.22661
0.13536	-2.22661
0.13544	-2.22661
0.13552	-1.48287
0.1356	0.0046048
0.13568	0.748342
0.13576	1.49208
0.13584	1.49208
0.13592	1.49208
0.136	0.0046048
0.13608	-0.739133
0.13616	-1.48287
0.13624	-1.48287
0.13632	-2.22661
0.1364	-0.739133
0.13648	-0.739133
0.13656	0.0046048
0.13664	1.49208
0.13672	2.23582
0.1368	2.23582
0.13688	1.49208
0.13696	2.23582
0.13704	1.49208
0.13712	1.49208
0.1372	0.748342
0.13728	0.0046048
0.13736	-1.48287
0.13744	-2.22661
0.13752	-2.22661
0.1376	-1.48287
0.13768	-1.48287
0.13776	-1.48287
0.13784	-0.739133
0.13792	-0.739133
0.138	-0.739133
0.13808	-1.48287
0.13816	-2.22661
0.13824	-2.22661
0.13832	-2.22661
0.1384	-1.48287
0.13848	0.0046048
0.13856	1.49208
0.13864	0.748342
0.13872	-0.739133
0.1388	-2.22661
0.13888	-2.97035
0.13896	-2.97035
0.13904	-2.22661
0.13912	-2.22661
0.1392	-2.22661
0.13928	-2.97035
0.13936	-2.97035
0.13944	-2.97035
0.13952	-2.22661
0.1396	-1.48287
0.13968	-1.48287
0.13976	-2.22661
0.13984	-2.22661
0.13992	-2.22661
0.14	-2.22661
0.14008	-1.48287
0.14016	-1.48287
0.14024	-1.48287
0.14032	-1.48287
0.1404	-2.22661
0.14048	-2.22661
0.14056	-2.22661
0.14064	-0.739133
0.14072	0.0046048
0.1408	0.748342
0.14088	0.748342
0.14096	0.0046048
0.14104	-0.739133
0.14112	-1.48287
0.1412	-2.22661
0.14128	-2.97035
0.14136	-2.97035
0.14144	-2.22661
0.14152	-0.739133
0.1416	0.0046048
0.14168	0.748342
0.14176	0.748342
0.14184	0.748342
0.14192	0.0046048
0.142	-1.48287
0.14208	-1.48287
0.14216	-0.739133
0.14224	0.748342
0.14232	1.49208
0.1424	2.23582
0.14248	2.23582
0.14256	1.49208
0.14264	0.748342
0.14272	0.0046048
0.1428	-1.48287
0.14288	-1.48287
0.14296	-1.48287
0.14304	-1.48287
0.14312	-1.48287
0.1432	-0.739133
0.14328	-0.739133
0.14336	-0.739133
0.14344	-0.739133
0.14352	0.0046048
0.1436	0.0046048
0.14368	0.0046048
0.14376	0.0046048
0.14384	0.0046048
0.14392	-0.739133
0.144	-1.48287
0.14408	-1.48287
0.14416	-1.48287
0.14424	-1.48287
0.14432	-1.48287
0.1444	-1.48287
0.14448	-1.48287
0.14456	-1.48287
0.14464	-0.739133
0.14472	-1.48287
0.1448	-1.48287
0.14488	-1.48287
0.14496	-1.48287
0.14504	-2.22661
0.14512	-2.22661
0.1452	-2.22661
0.14528	-2.22661
0.14536	-2.22661
0.14544	-2.22661
0.14552	-2.22661
0.1456	-2.22661
0.14568	-1.48287
0.14576	-0.739133
0.14584	0.0046048
0.14592	0.0046048
0.146	0.0046048
0.14608	0.0046048
0.14616	-0.739133
0.14624	-0.739133
0.14632	-1.48287
0.1464	-1.48287
0.14648	-2.22661
0.14656	-2.22661
0.14664	-1.48287
0.14672	-1.48287
0.1468	0.0046048
0.14688	0.0046048
0.14696	0.0046048
0.14704	0.0046048
0.14712	0.0046048
0.1472	-0.739133
0.14728	-0.739133
0.14736	-0.739133
0.14744	0.0046048
0.14752	0.0046048
0.1476	-0.739133
0.14768	-1.48287
0.14776	-1.48287
0.14784	-1.48287
0.14792	-1.48287
0.148	-0.739133
0.14808	-0.739133
0.14816	0.0046048
0.14824	0.0046048
0.14832	-0.739133
0.1484	-0.739133
0.14848	-1.48287
0.14856	-2.22661
0.14864	-2.97035
0.14872	-2.97035
0.1488	-2.97035
0.14888	-2.22661
0.14896	-1.48287
0.14904	-1.48287
0.14912	-1.48287
0.1492	-1.48287
0.14928	-2.22661
0.14936	-2.97035
0.14944	-3.71408
0.14952	-2.97035
0.1496	-2.97035
0.14968	-2.22661
0.14976	-2.22661
0.14984	-1.48287
0.14992	-2.22661
0.15	-2.22661
0.15008	-2.97035
0.15016	-3.71408
0.15024	-2.97035
0.15032	-2.97035
0.1504	-2.97035
0.15048	-2.22661
0.15056	-2.22661
0.15064	-2.22661
0.15072	-2.22661
0.1508	-2.97035
0.15088	-2.97035
0.15096	-2.97035
0.15104	-2.22661
0.15112	-0.739133
0.1512	0.0046048
0.15128	0.0046048
0.15136	0.0046048
0.15144	-0.739133
0.15152	-1.48287
0.1516	-2.22661
0.15168	-2.97035
0.15176	-2.22661
0.15184	-2.22661
0.15192	-1.48287
0.152	0.0046048
0.15208	0.0046048
0.15216	0.748342
0.15224	0.0046048
0.15232	0.0046048
0.1524	-1.48287
0.15248	-2.22661
0.15256	-1.48287
0.15264	-1.48287
0.15272	-1.48287
0.1528	-0.739133
0.15288	-1.48287
0.15296	-1.48287
0.15304	-1.48287
0.15312	-1.48287
0.1532	-1.48287
0.15328	-0.739133
0.15336	-0.739133
0.15344	-1.48287
0.15352	-0.739133
0.1536	-1.48287
0.15368	-2.22661
0.15376	-2.22661
0.15384	-2.22661
0.15392	-1.48287
0.154	-1.48287
0.15408	-0.739133
0.15416	0.0046048
0.15424	0.0046048
0.15432	0.0046048
0.1544	0.0046048
0.15448	0.0046048
0.15456	-0.739133
0.15464	-0.739133
0.15472	-0.739133
0.1548	-0.739133
0.15488	-0.739133
0.15496	0.0046048
0.15504	-0.739133
0.15512	-0.739133
0.1552	-0.739133
0.15528	-1.48287
0.15536	-2.22661
0.15544	-2.22661
0.15552	-2.22661
0.1556	-1.48287
0.15568	0.0046048
0.15576	0.748342
0.15584	0.748342
0.15592	0.748342
0.156	0.748342
0.15608	0.0046048
0.15616	0.0046048
0.15624	-0.739133
0.15632	-0.739133
0.1564	0.0046048
0.15648	0.0046048
0.15656	0.0046048
0.15664	0.0046048
0.15672	0.0046048
0.1568	-0.739133
0.15688	-1.48287
0.15696	-1.48287
0.15704	-1.48287
0.15712	-0.739133
0.1572	-0.739133
0.15728	0.0046048
0.15736	0.0046048
0.15744	-0.739133
0.15752	-0.739133
0.1576	-0.739133
0.15768	-1.48287
0.15776	-1.48287
0.15784	-0.739133
0.15792	0.0046048
0.158	0.0046048
0.15808	0.0046048
0.15816	0.0046048
0.15824	-0.739133
0.15832	-0.739133
0.1584	-0.739133
0.15848	-0.739133
0.15856	0.0046048
0.15864	0.0046048
0.15872	0.0046048
0.1588	0.0046048
0.15888	0.0046048
0.15896	-0.739133
0.15904	-0.739133
0.15912	-0.739133
0.1592	0.0046048
0.15928	0.0046048
0.15936	0.748342
0.15944	0.748342
0.15952	0.748342
0.1596	0.748342
0.15968	0.748342
0.15976	0.748342
0.15984	0.0046048
0.15992	0.0046048
0.16	-0.739133
0.16008	-0.739133
0.16016	-0.739133
0.16024	-0.739133
0.16032	-0.739133
0.1604	-0.739133
0.16048	-0.739133
0.16056	-0.739133
0.16064	-0.739133
0.16072	-0.739133
0.1608	0.0046048
0.16088	0.0046048
0.16096	0.0046048
0.16104	0.0046048
0.16112	0.0046048
0.1612	-0.739133
0.16128	-1.48287
0.16136	-1.48287
0.16144	-1.48287
0.16152	-1.48287
0.1616	-0.739133
0.16168	0.0046048
0.16176	0.0046048
0.16184	0.0046048
0.16192	0.0046048
0.162	-0.739133
0.16208	-0.739133
0.16216	-1.48287
0.16224	-1.48287
0.16232	-1.48287
0.1624	-1.48287
0.16248	-0.739133
0.16256	-0.739133
0.16264	-0.739133
0.16272	-0.739133
0.1628	-0.739133
0.16288	-0.739133
0.16296	-0.739133
0.16304	-0.739133
0.16312	-0.739133
0.1632	0.0046048
0.16328	0.0046048
0.16336	0.0046048
0.16344	-0.739133
0.16352	-0.739133
0.1636	-0.739133
0.16368	-1.48287
0.16376	-0.739133
0.16384	-0.739133
0.16392	-0.739133
0.164	0.0046048
0.16408	-0.739133
0.16416	-0.739133
0.16424	-0.739133
0.16432	-0.739133
0.1644	-1.48287
0.16448	-1.48287
0.16456	-0.739133
0.16464	0.0046048
0.16472	0.748342
0.1648	0.748342
0.16488	0.0046048
0.16496	-0.739133
0.16504	-0.739133
0.16512	-1.48287
0.1652	-0.739133
0.16528	-0.739133
0.16536	0.0046048
0.16544	0.0046048
0.16552	0.0046048
0.1656	0.0046048
0.16568	0.0046048
0.16576	0.0046048
0.16584	0.0046048
0.16592	0.0046048
0.166	0.0046048
0.16608	-0.739133
0.16616	0.0046048
0.16624	0.0046048
0.16632	0.0046048
0.1664	0.0046048
0.16648	0.0046048
0.16656	0.0046048
0.16664	0.0046048
0.16672	0.0046048
0.1668	-0.739133
0.16688	0.0046048
0.16696	0.0046048
0.16704	0.0046048
0.16712	0.0046048
0.1672	0.748342
0.16728	0.748342
0.16736	0.748342
0.16744	0.748342
0.16752	0.0046048
0.1676	0.0046048
0.16768	0.0046048
0.16776	0.0046048
0.16784	0.0046048
0.16792	0.0046048
0.168	0.0046048
0.16808	0.0046048
0.16816	0.0046048
0.16824	0.0046048
0.16832	0.0046048
0.1684	0.0046048
0.16848	0.0046048
0.16856	0.0046048
0.16864	0.0046048
0.16872	-0.739133
0.1688	0.0046048
0.16888	0.0046048
0.16896	0.748342
0.16904	0.748342
0.16912	0.748342
0.1692	0.0046048
0.16928	0.0046048
0.16936	0.0046048
0.16944	0.0046048
0.16952	0.748342
0.1696	0.748342
0.16968	0.748342
0.16976	0.748342
0.16984	0.748342
0.16992	0.748342
0.17	0.0046048
0.17008	0.0046048
0.17016	0.0046048
0.17024	0.0046048
0.17032	0.748342
0.1704	0.748342
0.17048	0.748342
0.17056	0.748342
0.17064	0.748342
0.17072	0.748342
0.1708	0.0046048
0.17088	0.748342
0.17096	0.0046048
0.17104	0.0046048
0.17112	0.0046048
0.1712	-0.739133
0.17128	-0.739133
0.17136	-0.739133
0.17144	0.0046048
0.17152	0.0046048
0.1716	0.0046048
0.17168	0.748342
0.17176	0.748342
0.17184	0.748342
0.17192	1.49208
0.172	0.748342
0.17208	0.0046048
0.17216	0.0046048
0.17224	0.0046048
0.17232	-0.739133
0.1724	0.0046048
0.17248	0.0046048
0.17256	0.0046048
0.17264	0.0046048
0.17272	0.0046048
0.1728	0.748342
0.17288	0.748342
0.17296	0.0046048
0.17304	0.0046048
0.17312	0.0046048
0.1732	0.0046048
0.17328	-0.739133
0.17336	0.0046048
0.17344	0.0046048
0.17352	0.0046048
0.1736	0.0046048
0.17368	0.748342
0.17376	0.0046048
0.17384	0.748342
0.17392	0.748342
0.174	0.748342
0.17408	0.748342
0.17416	0.748342
0.17424	0.748342
0.17432	0.748342
0.1744	0.748342
0.17448	0.748342
0.17456	0.0046048
0.17464	0.0046048
0.17472	0.0046048
0.1748	0.0046048
0.17488	0.0046048
0.17496	0.0046048
0.17504	0.748342
0.17512	0.748342
0.1752	0.748342
0.17528	0.748342
0.17536	0.748342
0.17544	0.0046048
0.17552	0.0046048
0.1756	0.0046048
0.17568	0.748342
0.17576	0.0046048
0.17584	0.0046048
0.17592	0.0046048
0.176	0.748342
0.17608	0.0046048
0.17616	0.0046048
0.17624	0.0046048
0.17632	0.0046048
0.1764	0.0046048
0.17648	0.0046048
0.17656	0.0046048
0.17664	0.0046048
0.17672	0.0046048
0.1768	0.0046048
0.17688	-0.739133
0.17696	0.0046048
0.17704	0.0046048
0.17712	0.0046048
0.1772	0.0046048
0.17728	0.0046048
0.17736	0.0046048
0.17744	0.0046048
0.17752	0.0046048
0.1776	0.0046048
0.17768	0.0046048
0.17776	0.0046048
0.17784	0.0046048
0.17792	0.0046048
0.178	-0.739133
0.17808	-0.739133
0.17816	-0.739133
0.17824	0.0046048
0.17832	0.0046048
0.1784	0.748342
0.17848	0.748342
0.17856	0.748342
0.17864	0.0046048
0.17872	0.0046048
0.1788	0.0046048
0.17888	-0.739133
0.17896	0.0046048
0.17904	0.0046048
0.17912	0.748342
0.1792	0.748342
0.17928	0.748342
0.17936	0.0046048
0.17944	0.0046048
0.17952	0.0046048
0.1796	0.0046048
0.17968	0.0046048
0.17976	0.0046048
0.17984	0.0046048
0.17992	0.748342
0.18	0.0046048
0.18008	0.748342
0.18016	0.748342
0.18024	0.748342
0.18032	0.0046048
0.1804	0.0046048
0.18048	0.748342
0.18056	0.748342
0.18064	1.49208
0.18072	0.748342
0.1808	0.748342
0.18088	0.748342
0.18096	0.0046048
0.18104	0.0046048
0.18112	0.0046048
0.1812	0.0046048
0.18128	0.0046048
0.18136	0.0046048
0.18144	0.748342
0.18152	0.748342
0.1816	0.748342
0.18168	0.748342
0.18176	0.748342
0.18184	0.748342
0.18192	0.748342
0.182	0.748342
0.18208	0.748342
0.18216	0.0046048
0.18224	0.0046048
0.18232	0.0046048
0.1824	0.0046048
0.18248	0.0046048
0.18256	0.748342
0.18264	0.748342
0.18272	0.748342
0.1828	0.748342
0.18288	0.748342
0.18296	0.748342
0.18304	0.748342
0.18312	0.748342
0.1832	0.748342
0.18328	1.49208
0.18336	1.49208
0.18344	1.49208
0.18352	1.49208
0.1836	0.748342
0.18368	0.0046048
0.18376	0.0046048
0.18384	0.748342
0.18392	0.748342
0.184	0.0046048
0.18408	0.0046048
0.18416	0.0046048
0.18424	0.0046048
0.18432	0.748342
0.1844	0.0046048
0.18448	0.0046048
0.18456	0.0046048
0.18464	0.0046048
0.18472	0.0046048
0.1848	0.748342
0.18488	1.49208
0.18496	0.748342
0.18504	0.748342
0.18512	0.0046048
0.1852	0.0046048
0.18528	0.0046048
0.18536	0.0046048
0.18544	0.0046048
0.18552	0.0046048
0.1856	0.0046048
0.18568	0.748342
0.18576	0.748342
0.18584	0.748342
0.18592	0.748342
0.186	0.748342
0.18608	0.0046048
0.18616	0.0046048
0.18624	0.0046048
0.18632	0.748342
0.1864	0.748342
0.18648	0.748342
0.18656	0.748342
0.18664	0.748342
0.18672	0.748342
0.1868	0.748342
0.18688	0.748342
0.18696	0.748342
0.18704	0.748342
0.18712	0.0046048
0.1872	0.0046048
0.18728	0.748342
0.18736	0.748342
0.18744	0.748342
0.18752	0.748342
0.1876	0.748342
0.18768	0.0046048
0.18776	0.748342
0.18784	0.748342
0.18792	0.748342
0.188	0.748342
0.18808	0.748342
0.18816	0.0046048
0.18824	0.0046048
0.18832	0.0046048
0.1884	0.0046048
0.18848	0.748342
0.18856	0.748342
0.18864	0.748342
0.18872	0.748342
0.1888	0.748342
0.18888	0.0046048
0.18896	0.0046048
0.18904	0.0046048
0.18912	0.0046048
0.1892	0.0046048
0.18928	0.748342
0.18936	1.49208
0.18944	1.49208
0.18952	1.49208
0.1896	0.748342
0.18968	0.0046048
0.18976	0.0046048
0.18984	0.0046048
0.18992	0.748342
0.19	0.748342
0.19008	1.49208
0.19016	2.23582
0.19024	1.49208
0.19032	1.49208
0.1904	0.748342
0.19048	0.748342
0.19056	0.748342
0.19064	0.748342
0.19072	1.49208
0.1908	1.49208
0.19088	1.49208
0.19096	1.49208
0.19104	2.23582
0.19112	1.49208
0.1912	1.49208
0.19128	1.49208
0.19136	1.49208
0.19144	1.49208
0.19152	1.49208
0.1916	0.748342
0.19168	1.49208
0.19176	0.748342
0.19184	0.748342
0.19192	0.748342
0.192	0.748342
0.19208	1.49208
0.19216	0.748342
0.19224	0.748342
0.19232	0.748342
0.1924	0.748342
0.19248	0.0046048
0.19256	0.748342
0.19264	0.748342
0.19272	0.748342
0.1928	1.49208
0.19288	1.49208
0.19296	1.49208
0.19304	1.49208
0.19312	0.748342
0.1932	0.748342
0.19328	0.0046048
0.19336	0.0046048
0.19344	0.0046048
0.19352	0.748342
0.1936	0.748342
0.19368	1.49208
0.19376	1.49208
0.19384	1.49208
0.19392	1.49208
0.194	0.748342
0.19408	0.0046048
0.19416	0.0046048
0.19424	0.0046048
0.19432	0.748342
0.1944	0.748342
0.19448	0.748342
0.19456	1.49208
0.19464	0.748342
0.19472	0.748342
0.1948	0.748342
0.19488	0.748342
0.19496	0.748342
0.19504	0.748342
0.19512	0.0046048
0.1952	0.748342
0.19528	0.748342
0.19536	0.748342
0.19544	0.748342
0.19552	0.748342
0.1956	0.748342
0.19568	0.0046048
0.19576	0.0046048
0.19584	0.0046048
0.19592	0.0046048
0.196	0.748342
0.19608	0.748342
0.19616	0.748342
0.19624	0.748342
0.19632	0.748342
0.1964	0.0046048
0.19648	0.0046048
0.19656	0.0046048
0.19664	0.0046048
0.19672	0.0046048
0.1968	0.748342
0.19688	0.748342
0.19696	0.748342
0.19704	0.748342
0.19712	0.0046048
0.1972	0.0046048
0.19728	0.0046048
0.19736	0.0046048
0.19744	0.0046048
0.19752	0.748342
0.1976	0.748342
0.19768	0.748342
0.19776	0.0046048
0.19784	0.0046048
0.19792	0.748342
0.198	0.748342
0.19808	0.748342
0.19816	0.748342
0.19824	0.748342
0.19832	0.0046048
0.1984	0.0046048
0.19848	0.748342
0.19856	0.748342
0.19864	0.748342
0.19872	0.748342
0.1988	0.748342
0.19888	0.748342
0.19896	0.748342
0.19904	0.0046048
0.19912	0.0046048
0.1992	0.748342
0.19928	1.49208
0.19936	1.49208
0.19944	1.49208
0.19952	1.49208
0.1996	0.748342
0.19968	0.748342
0.19976	0.748342
0.19984	0.748342
0.19992	0.748342
0.2	0.748342
0.20008	1.49208
0.20016	0.748342
0.20024	0.748342
0.20032	0.748342
0.2004	0.748342
0.20048	0.748342
0.20056	0.748342
0.20064	0.748342
0.20072	0.748342
0.2008	0.748342
0.20088	0.748342
0.20096	0.748342
0.20104	0.748342
0.20112	0.0046048
0.2012	0.748342
0.20128	0.748342
0.20136	0.748342
0.20144	0.748342
0.20152	1.49208
0.2016	1.49208
0.20168	1.49208
0.20176	1.49208
0.20184	0.748342
0.20192	0.748342
0.202	0.748342
0.20208	0.748342
0.20216	0.748342
0.20224	0.748342
0.20232	0.748342
0.2024	0.748342
0.20248	0.748342
0.20256	0.0046048
0.20264	0.0046048
0.20272	0.0046048
0.2028	0.0046048
0.20288	0.0046048
0.20296	0.0046048
0.20304	0.748342
0.20312	1.49208
0.2032	0.748342
0.20328	0.748342
0.20336	0.748342
0.20344	0.748342
0.20352	0.748342
0.2036	0.748342
0.20368	0.0046048
0.20376	0.748342
0.20384	0.748342
0.20392	0.748342
0.204	0.748342
0.20408	0.748342
0.20416	0.748342
0.20424	0.748342
0.20432	0.748342
0.2044	0.0046048
0.20448	0.748342
0.20456	0.0046048
0.20464	0.0046048
0.20472	0.748342
0.2048	0.748342
0.20488	0.748342
0.20496	0.748342
0.20504	0.0046048
0.20512	0.0046048
0.2052	0.0046048
0.20528	-0.739133
0.20536	-0.739133
0.20544	0.0046048
0.20552	0.748342
0.2056	0.748342
0.20568	0.748342
0.20576	0.0046048
0.20584	0.0046048
0.20592	0.0046048
0.206	0.0046048
0.20608	0.0046048
0.20616	0.0046048
0.20624	0.0046048
0.20632	0.0046048
0.2064	0.0046048
0.20648	0.0046048
0.20656	-0.739133
0.20664	-0.739133
0.20672	-0.739133
0.2068	-0.739133
0.20688	-0.739133
0.20696	-0.739133
0.20704	-1.48287
0.20712	-1.48287
0.2072	-0.739133
0.20728	-1.48287
0.20736	-1.48287
0.20744	-1.48287
0.20752	0.0046048
0.2076	0.748342
0.20768	2.23582
0.20776	2.23582
0.20784	1.49208
0.20792	1.49208
0.208	0.0046048
0.20808	0.0046048
0.20816	0.0046048
0.20824	0.0046048
0.20832	0.0046048
0.2084	0.748342
0.20848	0.0046048
0.20856	0.0046048
0.20864	0.0046048
0.20872	0.0046048
0.2088	-0.739133
0.20888	0.0046048
0.20896	-0.739133
0.20904	0.0046048
0.20912	0.0046048
0.2092	0.748342
0.20928	1.49208
0.20936	2.23582
0.20944	2.23582
0.20952	2.23582
0.2096	2.23582
0.20968	1.49208
0.20976	1.49208
0.20984	0.748342
0.20992	0.0046048
0.21	0.0046048
0.21008	-0.739133
0.21016	-0.739133
0.21024	0.0046048
0.21032	1.49208
0.2104	2.23582
0.21048	1.49208
0.21056	0.748342
0.21064	-0.739133
0.21072	-1.48287
0.2108	-0.739133
0.21088	0.0046048
0.21096	0.0046048
0.21104	0.748342
0.21112	0.0046048
0.2112	-0.739133
0.21128	-1.48287
0.21136	-1.48287
0.21144	-2.22661
0.21152	-2.22661
0.2116	-1.48287
0.21168	-0.739133
0.21176	-1.48287
0.21184	-2.22661
0.21192	-2.97035
0.212	-3.71408
0.21208	-2.97035
0.21216	-1.48287
0.21224	0.0046048
0.21232	0.0046048
0.2124	0.0046048
0.21248	0.0046048
0.21256	-0.739133
0.21264	-0.739133
0.21272	0.0046048
0.2128	0.748342
0.21288	1.49208
0.21296	1.49208
0.21304	1.49208
0.21312	1.49208
0.2132	1.49208
0.21328	1.49208
0.21336	0.748342
0.21344	0.748342
0.21352	0.0046048
0.2136	0.0046048
0.21368	0.748342
0.21376	1.49208
0.21384	1.49208
0.21392	0.748342
0.214	0.0046048
0.21408	0.0046048
0.21416	0.748342
0.21424	1.49208
0.21432	3.72329
0.2144	3.72329
0.21448	2.97956
0.21456	2.23582
0.21464	0.748342
0.21472	0.748342
0.2148	0.0046048
0.21488	0.0046048
0.21496	0.748342
0.21504	0.748342
0.21512	0.0046048
0.2152	-0.739133
0.21528	-1.48287
0.21536	-1.48287
0.21544	-0.739133
0.21552	0.0046048
0.2156	0.748342
0.21568	1.49208
0.21576	1.49208
0.21584	1.49208
0.21592	1.49208
0.216	0.748342
0.21608	0.0046048
0.21616	0.0046048
0.21624	0.0046048
0.21632	0.748342
0.2164	1.49208
0.21648	1.49208
0.21656	1.49208
0.21664	1.49208
0.21672	0.748342
0.2168	0.748342
0.21688	0.0046048
0.21696	0.748342
0.21704	0.748342
0.21712	2.23582
0.2172	2.23582
0.21728	2.23582
0.21736	2.23582
0.21744	1.49208
0.21752	1.49208
0.2176	0.748342
0.21768	0.748342
0.21776	1.49208
0.21784	1.49208
0.21792	1.49208
0.218	1.49208
0.21808	1.49208
0.21816	1.49208
0.21824	1.49208
0.21832	0.748342
0.2184	0.748342
0.21848	0.748342
0.21856	0.0046048
0.21864	0.0046048
0.21872	-0.739133
0.2188	-0.739133
0.21888	0.0046048
0.21896	0.748342
0.21904	1.49208
0.21912	1.49208
0.2192	1.49208
0.21928	1.49208
0.21936	0.748342
0.21944	0.748342
0.21952	0.748342
0.2196	0.748342
0.21968	1.49208
0.21976	1.49208
0.21984	1.49208
0.21992	1.49208
0.22	0.748342
0.22008	0.748342
0.22016	0.0046048
0.22024	-0.739133
0.22032	0.0046048
0.2204	0.0046048
0.22048	0.748342
0.22056	0.748342
0.22064	2.23582
0.22072	2.23582
0.2208	2.97956
0.22088	2.23582
0.22096	1.49208
0.22104	1.49208
0.22112	1.49208
0.2212	1.49208
0.22128	2.23582
0.22136	2.23582
0.22144	2.97956
0.22152	2.23582
0.2216	1.49208
0.22168	0.748342
0.22176	0.748342
0.22184	0.748342
0.22192	1.49208
0.222	0.748342
0.22208	1.49208
0.22216	1.49208
0.22224	1.49208
0.22232	1.49208
0.2224	1.49208
0.22248	1.49208
0.22256	1.49208
0.22264	1.49208
0.22272	1.49208
0.2228	1.49208
0.22288	0.748342
0.22296	0.748342
0.22304	0.748342
0.22312	0.748342
0.2232	0.748342
0.22328	0.748342
0.22336	0.748342
0.22344	0.748342
0.22352	0.748342
0.2236	0.0046048
0.22368	0.748342
0.22376	0.748342
0.22384	0.748342
0.22392	0.748342
0.224	0.748342
0.22408	1.49208
0.22416	1.49208
0.22424	2.23582
0.22432	2.23582
0.2244	2.23582
0.22448	1.49208
0.22456	0.748342
0.22464	0.0046048
0.22472	0.0046048
0.2248	0.0046048
0.22488	0.748342
0.22496	1.49208
0.22504	1.49208
0.22512	1.49208
0.2252	1.49208
0.22528	0.748342
0.22536	0.0046048
0.22544	0.0046048
0.22552	0.0046048
0.2256	0.0046048
0.22568	0.748342
0.22576	1.49208
0.22584	2.23582
0.22592	2.23582
0.226	2.23582
0.22608	2.23582
0.22616	1.49208
0.22624	0.748342
0.22632	0.748342
0.2264	0.0046048
0.22648	0.748342
0.22656	0.748342
0.22664	0.748342
0.22672	0.748342
0.2268	0.748342
0.22688	0.748342
0.22696	0.0046048
0.22704	0.0046048
0.22712	0.0046048
0.2272	0.0046048
0.22728	0.748342
0.22736	0.748342
0.22744	0.748342
0.22752	0.748342
0.2276	0.748342
0.22768	0.0046048
0.22776	0.0046048
0.22784	0.0046048
0.22792	0.0046048
0.228	0.748342
0.22808	1.49208
0.22816	1.49208
0.22824	0.748342
0.22832	0.0046048
0.2284	0.0046048
0.22848	-0.739133
0.22856	-0.739133
0.22864	0.0046048
0.22872	0.748342
0.2288	1.49208
0.22888	1.49208
0.22896	2.23582
0.22904	1.49208
0.22912	0.748342
0.2292	0.0046048
0.22928	0.0046048
0.22936	0.0046048
0.22944	0.748342
0.22952	0.748342
0.2296	1.49208
0.22968	1.49208
0.22976	1.49208
0.22984	0.748342
0.22992	0.0046048
0.23	0.0046048
0.23008	-0.739133
0.23016	0.0046048
0.23024	0.0046048
0.23032	1.49208
0.2304	2.23582
0.23048	2.23582
0.23056	2.23582
0.23064	2.23582
0.23072	0.748342
0.2308	0.0046048
0.23088	0.0046048
0.23096	0.0046048
0.23104	0.0046048
0.23112	0.748342
0.2312	1.49208
0.23128	1.49208
0.23136	1.49208
0.23144	1.49208
0.23152	0.748342
0.2316	0.0046048
0.23168	0.0046048
0.23176	0.0046048
0.23184	0.748342
0.23192	0.748342
0.232	1.49208
0.23208	1.49208
0.23216	1.49208
0.23224	1.49208
0.23232	1.49208
0.2324	0.748342
0.23248	1.49208
0.23256	0.748342
0.23264	0.748342
0.23272	0.748342
0.2328	1.49208
0.23288	1.49208
0.23296	1.49208
0.23304	1.49208
0.23312	0.748342
0.2332	0.0046048
0.23328	0.0046048
0.23336	0.0046048
0.23344	0.0046048
0.23352	0.748342
0.2336	0.748342
0.23368	0.0046048
0.23376	0.748342
0.23384	0.0046048
0.23392	0.0046048
0.234	0.0046048
0.23408	0.748342
0.23416	0.748342
0.23424	0.748342
0.23432	0.748342
0.2344	0.748342
0.23448	0.0046048
0.23456	0.0046048
0.23464	0.0046048
0.23472	0.0046048
0.2348	0.0046048
0.23488	0.0046048
0.23496	0.748342
0.23504	0.748342
0.23512	0.748342
0.2352	0.748342
0.23528	0.748342
0.23536	0.748342
0.23544	0.748342
0.23552	0.0046048
0.2356	0.748342
0.23568	1.49208
0.23576	0.748342
0.23584	0.748342
0.23592	0.748342
0.236	0.748342
0.23608	0.0046048
0.23616	0.0046048
0.23624	0.748342
0.23632	0.748342
0.2364	1.49208
0.23648	0.748342
0.23656	1.49208
0.23664	0.748342
0.23672	1.49208
0.2368	1.49208
0.23688	0.748342
0.23696	1.49208
0.23704	1.49208
0.23712	1.49208
0.2372	1.49208
0.23728	1.49208
0.23736	1.49208
0.23744	1.49208
0.23752	1.49208
0.2376	1.49208
0.23768	1.49208
0.23776	1.49208
0.23784	1.49208
0.23792	0.748342
0.238	0.748342
0.23808	1.49208
0.23816	1.49208
0.23824	1.49208
0.23832	1.49208
0.2384	1.49208
0.23848	1.49208
0.23856	1.49208
0.23864	0.748342
0.23872	0.748342
0.2388	0.748342
0.23888	0.748342
0.23896	0.748342
0.23904	1.49208
0.23912	0.748342
0.2392	0.748342
0.23928	0.748342
0.23936	0.748342
0.23944	0.748342
0.23952	0.748342
0.2396	0.748342
0.23968	1.49208
0.23976	0.748342
0.23984	1.49208
0.23992	0.748342
0.24	0.748342
0.24008	0.748342
0.24016	0.748342
0.24024	0.748342
0.24032	0.748342
0.2404	0.748342
0.24048	1.49208
0.24056	1.49208
0.24064	0.748342
0.24072	0.748342
0.2408	0.748342
0.24088	0.748342
0.24096	0.748342
0.24104	1.49208
0.24112	1.49208
0.2412	1.49208
0.24128	1.49208
0.24136	1.49208
0.24144	0.748342
0.24152	0.748342
0.2416	0.748342
0.24168	0.748342
0.24176	0.748342
0.24184	0.748342
0.24192	0.748342
0.242	0.748342
0.24208	0.748342
0.24216	0.748342
0.24224	0.748342
0.24232	0.748342
0.2424	0.748342
0.24248	0.748342
0.24256	0.0046048
0.24264	0.0046048
0.24272	0.0046048
0.2428	0.0046048
0.24288	0.0046048
0.24296	0.0046048
0.24304	0.0046048
0.24312	0.0046048
0.2432	0.0046048
0.24328	0.0046048
0.24336	0.0046048
0.24344	0.0046048
0.24352	0.0046048
0.2436	0.0046048
0.24368	0.748342
0.24376	0.748342
0.24384	0.748342
0.24392	0.748342
0.244	0.748342
0.24408	0.748342
0.24416	0.748342
0.24424	0.748342
0.24432	0.748342
0.2444	0.0046048
0.24448	0.748342
0.24456	0.0046048
0.24464	0.748342
0.24472	0.0046048
0.2448	0.0046048
0.24488	0.748342
0.24496	0.0046048
0.24504	0.748342
0.24512	0.748342
0.2452	0.748342
0.24528	0.748342
0.24536	0.748342
0.24544	0.748342
0.24552	0.748342
0.2456	0.748342
0.24568	0.748342
0.24576	0.748342
0.24584	0.748342
0.24592	0.748342
0.246	0.748342
0.24608	0.748342
0.24616	0.748342
0.24624	0.748342
0.24632	0.748342
0.2464	0.748342
0.24648	0.748342
0.24656	0.748342
0.24664	0.748342
0.24672	0.748342
0.2468	1.49208
0.24688	1.49208
0.24696	1.49208
0.24704	0.748342
0.24712	0.748342
0.2472	0.748342
0.24728	0.0046048
0.24736	0.0046048
0.24744	0.0046048
0.24752	0.748342
0.2476	0.748342
0.24768	1.49208
0.24776	1.49208
0.24784	1.49208
0.24792	0.748342
0.248	0.748342
0.24808	0.748342
0.24816	0.748342
0.24824	0.748342
0.24832	0.748342
0.2484	1.49208
0.24848	1.49208
0.24856	1.49208
0.24864	1.49208
0.24872	1.49208
0.2488	1.49208
0.24888	1.49208
0.24896	0.748342
0.24904	1.49208
0.24912	1.49208
0.2492	1.49208
0.24928	1.49208
0.24936	1.49208
0.24944	1.49208
0.24952	1.49208
0.2496	1.49208
0.24968	0.748342
0.24976	0.748342
0.24984	0.748342
0.24992	0.748342
0.25	0.748342
0.25008	0.748342
0.25016	1.49208
0.25024	2.23582
0.25032	2.23582
0.2504	1.49208
0.25048	1.49208
0.25056	1.49208
0.25064	0.748342
0.25072	1.49208
0.2508	1.49208
0.25088	1.49208
0.25096	0.748342
0.25104	0.748342
0.25112	0.748342
0.2512	0.748342
0.25128	0.748342
0.25136	1.49208
0.25144	1.49208
0.25152	1.49208
0.2516	1.49208
0.25168	1.49208
0.25176	1.49208
0.25184	1.49208
0.25192	1.49208
0.252	0.748342
0.25208	0.748342
0.25216	0.0046048
0.25224	0.0046048
0.25232	0.0046048
0.2524	0.748342
0.25248	0.0046048
0.25256	0.748342
0.25264	0.748342
0.25272	0.748342
0.2528	0.748342
0.25288	0.748342
0.25296	1.49208
0.25304	0.748342
0.25312	1.49208
0.2532	0.748342
0.25328	0.0046048
0.25336	0.0046048
0.25344	0.748342
0.25352	0.748342
0.2536	1.49208
0.25368	0.748342
0.25376	0.748342
0.25384	0.748342
0.25392	0.748342
0.254	0.748342
0.25408	0.748342
0.25416	0.748342
0.25424	0.748342
0.25432	0.0046048
0.2544	0.0046048
0.25448	0.748342
0.25456	0.748342
0.25464	0.748342
0.25472	0.748342
0.2548	0.748342
0.25488	0.748342
0.25496	0.0046048
0.25504	0.0046048
0.25512	0.0046048
0.2552	0.0046048
0.25528	0.748342
0.25536	0.748342
0.25544	0.748342
0.25552	0.748342
0.2556	0.748342
0.25568	0.0046048
0.25576	0.0046048
0.25584	0.0046048
0.25592	0.0046048
0.256	0.0046048
0.25608	0.0046048
0.25616	0.0046048
0.25624	0.0046048
0.25632	0.748342
0.2564	0.0046048
0.25648	0.748342
0.25656	0.0046048
0.25664	0.0046048
0.25672	0.748342
0.2568	0.0046048
0.25688	0.0046048
0.25696	0.0046048
0.25704	0.0046048
0.25712	0.0046048
0.2572	0.0046048
0.25728	0.0046048
0.25736	0.748342
0.25744	0.748342
0.25752	0.748342
0.2576	0.748342
0.25768	0.0046048
0.25776	-0.739133
0.25784	0.0046048
0.25792	0.0046048
0.258	0.748342
0.25808	0.748342
0.25816	1.49208
0.25824	1.49208
0.25832	0.748342
0.2584	0.748342
0.25848	0.0046048
0.25856	0.0046048
0.25864	0.0046048
0.25872	0.0046048
0.2588	0.0046048
0.25888	0.748342
0.25896	1.49208
0.25904	1.49208
0.25912	1.49208
0.2592	0.748342
0.25928	0.748342
0.25936	0.748342
0.25944	0.748342
0.25952	0.748342
0.2596	0.748342
0.25968	0.0046048
0.25976	0.0046048
0.25984	0.0046048
0.25992	0.748342
0.26	0.748342
0.26008	0.748342
0.26016	0.748342
0.26024	0.748342
0.26032	0.0046048
0.2604	0.0046048
0.26048	0.0046048
0.26056	0.748342
0.26064	0.0046048
0.26072	0.748342
0.2608	0.748342
0.26088	0.0046048
0.26096	0.0046048
0.26104	0.0046048
0.26112	0.0046048
0.2612	0.0046048
0.26128	0.748342
0.26136	0.748342
0.26144	0.748342
0.26152	0.748342
0.2616	0.748342
0.26168	0.748342
0.26176	0.0046048
0.26184	0.748342
0.26192	0.748342
0.262	0.748342
0.26208	0.748342
0.26216	0.748342
0.26224	0.748342
0.26232	0.748342
0.2624	0.748342
0.26248	0.0046048
0.26256	0.748342
0.26264	0.0046048
0.26272	0.748342
0.2628	0.748342
0.26288	0.748342
0.26296	0.0046048
0.26304	0.748342
0.26312	0.748342
0.2632	0.748342
0.26328	0.748342
0.26336	0.748342
0.26344	0.748342
0.26352	0.0046048
0.2636	0.0046048
0.26368	0.0046048
0.26376	0.0046048
0.26384	0.748342
0.26392	0.748342
0.264	0.748342
0.26408	0.748342
0.26416	0.0046048
0.26424	0.748342
0.26432	0.0046048
0.2644	0.0046048
0.26448	0.0046048
0.26456	0.0046048
0.26464	0.0046048
0.26472	0.0046048
0.2648	0.0046048
0.26488	0.748342
0.26496	0.0046048
0.26504	0.0046048
0.26512	0.0046048
0.2652	0.0046048
0.26528	0.0046048
0.26536	0.0046048
0.26544	0.0046048
0.26552	0.0046048
0.2656	0.0046048
0.26568	0.0046048
0.26576	0.0046048
0.26584	0.0046048
0.26592	0.0046048
0.266	0.0046048
0.26608	0.0046048
0.26616	0.0046048
0.26624	0.0046048
0.26632	0.0046048
0.2664	0.0046048
0.26648	0.0046048
0.26656	0.748342
0.26664	0.0046048
0.26672	0.748342
0.2668	0.748342
0.26688	0.748342
0.26696	0.748342
0.26704	0.748342
0.26712	0.748342
0.2672	0.748342
0.26728	0.0046048
0.26736	0.0046048
0.26744	0.0046048
0.26752	0.748342
0.2676	0.748342
0.26768	0.748342
0.26776	0.748342
0.26784	0.748342
0.26792	0.748342
0.268	0.748342
0.26808	0.748342
0.26816	0.748342
0.26824	0.748342
0.26832	0.0046048
0.2684	0.748342
0.26848	0.748342
0.26856	0.748342
0.26864	0.748342
0.26872	0.748342
0.2688	0.748342
0.26888	0.748342
0.26896	0.748342
0.26904	0.748342
0.26912	1.49208
0.2692	0.748342
0.26928	0.748342
0.26936	0.748342
0.26944	0.748342
0.26952	0.748342
0.2696	0.748342
0.26968	0.0046048
0.26976	0.0046048
0.26984	0.748342
0.26992	0.0046048
0.27	0.0046048
0.27008	0.0046048
0.27016	0.0046048
0.27024	0.0046048
0.27032	0.0046048
0.2704	0.748342
0.27048	0.0046048
0.27056	0.748342
0.27064	0.748342
0.27072	0.748342
0.2708	0.748342
0.27088	0.748342
0.27096	0.748342
0.27104	0.748342
0.27112	0.748342
0.2712	0.748342
0.27128	0.0046048
0.27136	0.748342
0.27144	0.748342
0.27152	0.748342
0.2716	0.0046048
0.27168	0.0046048
0.27176	0.0046048
0.27184	0.0046048
0.27192	0.0046048
0.272	0.0046048
0.27208	0.0046048
0.27216	0.0046048
0.27224	0.0046048
0.27232	0.0046048
0.2724	0.0046048
0.27248	0.0046048
0.27256	0.0046048
0.27264	0.0046048
0.27272	0.0046048
0.2728	0.748342
0.27288	0.0046048
0.27296	0.0046048
0.27304	0.748342
0.27312	0.0046048
0.2732	0.0046048
0.27328	0.0046048
0.27336	0.748342
0.27344	0.748342
0.27352	0.0046048
0.2736	0.0046048
0.27368	0.748342
0.27376	0.748342
0.27384	0.748342
0.27392	0.748342
0.274	0.748342
0.27408	0.748342
0.27416	0.748342
0.27424	0.0046048
0.27432	0.748342
0.2744	0.0046048
0.27448	0.0046048
0.27456	0.0046048
0.27464	0.748342
0.27472	0.748342
0.2748	0.748342
0.27488	0.748342
0.27496	0.748342
0.27504	0.748342
0.27512	0.748342
0.2752	0.748342
0.27528	0.748342
0.27536	0.748342
0.27544	0.748342
0.27552	0.748342
0.2756	0.748342
0.27568	0.748342
0.27576	0.0046048
0.27584	0.0046048
0.27592	0.0046048
0.276	0.0046048
0.27608	0.748342
0.27616	0.0046048
0.27624	0.0046048
0.27632	0.748342
0.2764	0.0046048
0.27648	0.0046048
0.27656	0.748342
0.27664	0.0046048
0.27672	0.0046048
0.2768	0.0046048
0.27688	0.748342
0.27696	0.748342
0.27704	0.748342
0.27712	0.0046048
0.2772	0.0046048
0.27728	0.0046048
0.27736	0.0046048
0.27744	0.748342
0.27752	0.748342
0.2776	0.0046048
0.27768	0.748342
0.27776	0.0046048
0.27784	0.0046048
0.27792	0.0046048
0.278	0.748342
0.27808	0.0046048
0.27816	0.0046048
0.27824	0.0046048
0.27832	0.0046048
0.2784	0.0046048
0.27848	0.0046048
0.27856	0.0046048
0.27864	0.0046048
0.27872	0.748342
0.2788	0.748342
0.27888	0.748342
0.27896	0.0046048
0.27904	0.0046048
0.27912	0.0046048
0.2792	-0.739133
0.27928	-0.739133
0.27936	0.0046048
0.27944	0.0046048
0.27952	0.0046048
0.2796	0.0046048
0.27968	0.0046048
0.27976	0.0046048
0.27984	0.0046048
0.27992	0.748342
0.28	0.748342
0.28008	0.748342
0.28016	0.748342
0.28024	0.748342
0.28032	0.748342
0.2804	0.748342
0.28048	0.748342
0.28056	0.748342
0.28064	0.748342
0.28072	0.0046048
0.2808	0.0046048
0.28088	0.0046048
0.28096	0.0046048
0.28104	0.0046048
0.28112	0.0046048
0.2812	0.0046048
0.28128	0.748342
0.28136	0.748342
0.28144	0.748342
0.28152	0.748342
0.2816	0.748342
0.28168	0.0046048
0.28176	0.748342
0.28184	0.748342
0.28192	0.748342
0.282	0.748342
0.28208	0.0046048
0.28216	0.748342
0.28224	0.0046048
0.28232	0.0046048
0.2824	0.0046048
0.28248	0.748342
0.28256	0.748342
0.28264	1.49208
0.28272	0.748342
0.2828	0.748342
0.28288	0.748342
0.28296	0.748342
0.28304	0.0046048
0.28312	0.0046048
0.2832	0.0046048
0.28328	0.0046048
0.28336	0.0046048
0.28344	0.748342
0.28352	0.748342
0.2836	0.748342
0.28368	0.748342
0.28376	0.748342
0.28384	0.748342
0.28392	0.0046048
0.284	0.748342
0.28408	0.748342
0.28416	0.0046048
0.28424	0.748342
0.28432	0.748342
0.2844	0.748342
0.28448	0.748342
0.28456	1.49208
0.28464	0.748342
0.28472	0.748342
0.2848	0.748342
0.28488	0.748342
0.28496	0.748342
0.28504	0.748342
0.28512	0.748342
0.2852	0.748342
0.28528	0.748342
0.28536	1.49208
0.28544	0.748342
0.28552	0.748342
0.2856	0.0046048
0.28568	0.0046048
0.28576	0.748342
0.28584	0.0046048
0.28592	0.0046048
0.286	0.0046048
0.28608	0.0046048
0.28616	0.0046048
0.28624	0.0046048
0.28632	0.748342
0.2864	0.748342
0.28648	0.748342
0.28656	0.748342
0.28664	0.748342
0.28672	0.748342
0.2868	0.748342
0.28688	0.0046048
0.28696	0.0046048
0.28704	0.0046048
0.28712	0.0046048
0.2872	0.748342
0.28728	0.748342
0.28736	0.748342
0.28744	0.748342
0.28752	1.49208
0.2876	0.748342
0.28768	0.748342
0.28776	0.0046048
0.28784	0.0046048
0.28792	0.0046048
0.288	0.0046048
0.28808	0.0046048
0.28816	0.748342
0.28824	0.0046048
0.28832	0.0046048
0.2884	0.0046048
0.28848	0.0046048
0.28856	0.0046048
0.28864	0.0046048
0.28872	0.748342
0.2888	0.748342
0.28888	0.748342
0.28896	0.748342
0.28904	0.748342
0.28912	0.0046048
0.2892	0.0046048
0.28928	0.0046048
0.28936	0.0046048
0.28944	0.0046048
0.28952	0.748342
0.2896	0.748342
0.28968	1.49208
0.28976	1.49208
0.28984	1.49208
0.28992	0.748342
0.29	0.748342
0.29008	0.748342
0.29016	0.0046048
0.29024	0.748342
0.29032	0.748342
0.2904	0.748342
0.29048	0.748342
0.29056	0.748342
0.29064	0.748342
0.29072	0.0046048
0.2908	0.0046048
0.29088	0.0046048
0.29096	0.0046048
0.29104	0.0046048
0.29112	0.0046048
0.2912	0.748342
0.29128	0.748342
0.29136	0.748342
0.29144	1.49208
0.29152	0.748342
0.2916	0.748342
0.29168	0.748342
0.29176	0.0046048
0.29184	0.748342
0.29192	0.748342
0.292	0.748342
0.29208	0.748342
0.29216	0.748342
0.29224	0.748342
0.29232	0.748342
0.2924	0.748342
0.29248	0.748342
0.29256	0.748342
0.29264	0.748342
0.29272	0.748342
0.2928	0.748342
0.29288	1.49208
0.29296	0.748342
0.29304	1.49208
0.29312	0.748342
0.2932	0.748342
0.29328	0.748342
0.29336	0.748342
0.29344	0.748342
0.29352	0.748342
0.2936	0.748342
0.29368	0.748342
0.29376	0.748342
0.29384	0.748342
0.29392	0.748342
0.294	0.748342
0.29408	0.748342
0.29416	0.748342
0.29424	0.748342
0.29432	0.748342
0.2944	0.748342
0.29448	0.748342
0.29456	0.748342
0.29464	0.748342
0.29472	0.0046048
0.2948	0.0046048
0.29488	0.748342
0.29496	0.748342
0.29504	0.748342
0.29512	1.49208
0.2952	0.748342
0.29528	0.748342
0.29536	1.49208
0.29544	1.49208
0.29552	0.748342
0.2956	0.748342
0.29568	0.748342
0.29576	0.0046048
0.29584	0.748342
0.29592	0.748342
0.296	0.748342
0.29608	0.748342
0.29616	0.748342
0.29624	0.748342
0.29632	1.49208
0.2964	1.49208
0.29648	0.748342
0.29656	0.748342
0.29664	0.748342
0.29672	0.748342
0.2968	0.748342
0.29688	0.748342
0.29696	0.0046048
0.29704	0.0046048
0.29712	0.0046048
0.2972	0.0046048
0.29728	0.748342
0.29736	0.748342
0.29744	0.748342
0.29752	0.748342
0.2976	0.748342
0.29768	0.748342
0.29776	0.748342
0.29784	0.0046048
0.29792	0.748342
0.298	0.748342
0.29808	0.748342
0.29816	0.748342
0.29824	1.49208
0.29832	0.748342
0.2984	0.748342
0.29848	0.748342
0.29856	0.0046048
0.29864	0.748342
0.29872	0.748342
0.2988	0.748342
0.29888	0.748342
0.29896	0.748342
0.29904	0.748342
0.29912	0.748342
0.2992	0.748342
0.29928	0.748342
0.29936	0.748342
0.29944	0.748342
0.29952	0.748342
0.2996	0.748342
0.29968	0.748342
0.29976	0.748342
0.29984	1.49208
0.29992	0.748342
0.3	0.748342
0.30008	0.748342
0.30016	0.0046048
0.30024	0.748342
0.30032	0.0046048
0.3004	0.0046048
0.30048	0.0046048
0.30056	0.0046048
0.30064	0.0046048
0.30072	0.748342
0.3008	0.748342
0.30088	0.748342
0.30096	0.748342
0.30104	0.748342
0.30112	0.0046048
0.3012	0.0046048
0.30128	0.748342
0.30136	0.748342
0.30144	0.748342
0.30152	0.748342
0.3016	0.0046048
0.30168	0.0046048
0.30176	0.0046048
0.30184	0.0046048
0.30192	0.0046048
0.302	0.748342
0.30208	0.748342
0.30216	0.748342
0.30224	0.748342
0.30232	0.748342
0.3024	0.748342
0.30248	0.748342
0.30256	0.748342
0.30264	0.748342
0.30272	0.748342
0.3028	0.748342
0.30288	0.748342
0.30296	0.748342
0.30304	0.748342
0.30312	0.748342
0.3032	0.0046048
0.30328	0.0046048
0.30336	0.0046048
0.30344	0.748342
0.30352	0.748342
0.3036	0.748342
0.30368	0.748342
0.30376	0.748342
0.30384	0.0046048
0.30392	0.0046048
0.304	0.0046048
0.30408	0.0046048
0.30416	0.0046048
0.30424	0.0046048
0.30432	0.0046048
0.3044	0.748342
0.30448	0.748342
0.30456	0.748342
0.30464	1.49208
0.30472	1.49208
0.3048	1.49208
0.30488	1.49208
0.30496	1.49208
0.30504	0.748342
0.30512	0.748342
0.3052	0.748342
0.30528	0.748342
0.30536	0.748342
0.30544	0.748342
0.30552	0.0046048
0.3056	0.0046048
0.30568	0.0046048
0.30576	0.0046048
0.30584	0.0046048
0.30592	0.748342
0.306	0.748342
0.30608	0.748342
0.30616	1.49208
0.30624	0.748342
0.30632	0.748342
0.3064	0.748342
0.30648	0.748342
0.30656	0.748342
0.30664	0.0046048
0.30672	0.748342
0.3068	0.748342
0.30688	0.748342
0.30696	0.748342
0.30704	0.748342
0.30712	0.748342
0.3072	0.748342
0.30728	0.748342
0.30736	0.748342
0.30744	0.748342
0.30752	0.748342
0.3076	0.748342
0.30768	0.748342
0.30776	0.748342
0.30784	0.748342
0.30792	0.0046048
0.308	0.0046048
0.30808	0.0046048
0.30816	0.0046048
0.30824	0.0046048
0.30832	0.0046048
0.3084	0.748342
0.30848	0.748342
0.30856	0.748342
0.30864	0.748342
0.30872	0.0046048
0.3088	0.748342
0.30888	0.748342
0.30896	0.748342
0.30904	0.0046048
0.30912	0.0046048
0.3092	-0.739133
0.30928	0.0046048
0.30936	0.0046048
0.30944	0.748342
0.30952	0.748342
0.3096	0.748342
0.30968	1.49208
0.30976	0.748342
0.30984	1.49208
0.30992	0.748342
0.31	1.49208
