-0.02	-1.21832
-0.01992	-1.12468
-0.01984	-0.843775
-0.01976	-0.375596
-0.01968	0.186219
-0.0196	0.37349
-0.01952	0.654398
-0.01944	1.02894
-0.01936	1.35667
-0.01928	1.40348
-0.0192	1.02894
-0.01912	0.326672
-0.01904	-0.141507
-0.01896	-0.0946886
-0.01888	0.37349
-0.0188	0.841669
-0.01872	0.888487
-0.01864	0.186219
-0.01856	-0.890593
-0.01848	-1.78013
-0.0184	-1.78013
-0.01832	-1.26514
-0.01824	-0.375596
-0.01816	0.233037
-0.01808	0.513944
-0.018	0.560762
-0.01792	0.60758
-0.01784	0.560762
-0.01776	0.326672
-0.01768	-0.0478707
-0.0176	-0.422414
-0.01752	-0.750139
-0.01744	-0.562868
-0.01736	-0.141507
-0.01728	0.467126
-0.0172	0.794851
-0.01712	0.841669
-0.01704	0.513944
-0.01696	0.092583
-0.01688	-0.141507
-0.0168	0.092583
-0.01672	0.60758
-0.01664	1.02894
-0.01656	0.982123
-0.01648	0.701216
-0.0164	-0.0010528
-0.01632	-0.890593
-0.01624	-1.26514
-0.01616	-1.54604
-0.01608	-1.59286
-0.016	-1.54604
-0.01592	-0.984229
-0.01584	-0.0946886
-0.01576	0.841669
-0.01568	1.73121
-0.0156	2.15257
-0.01552	2.10575
-0.01544	1.77803
-0.01536	1.26303
-0.01528	0.794851
-0.0152	0.233037
-0.01512	-0.469232
-0.01504	-1.12468
-0.01496	-1.63968
-0.01488	-1.9674
-0.0148	-1.9674
-0.01472	-1.92059
-0.01464	-1.73332
-0.01456	-1.26514
-0.01448	-0.609686
-0.0144	0.467126
-0.01432	1.87166
-0.01424	3.18256
-0.01416	4.02529
-0.01408	4.0721
-0.014	3.18256
-0.01392	1.59076
-0.01384	-0.141507
-0.01376	-1.49923
-0.01368	-2.43558
-0.0136	-2.62286
-0.01352	-2.76331
-0.01344	-2.62286
-0.01336	-2.62286
-0.01328	-2.71649
-0.0132	-2.81013
-0.01312	-2.52922
-0.01304	-1.78013
-0.01296	-0.235142
-0.01288	1.68439
-0.0128	3.41665
-0.01272	4.25938
-0.01264	4.21256
-0.01256	3.69756
-0.01248	2.99529
-0.0124	2.4803
-0.01232	1.87166
-0.01224	1.02894
-0.01216	-0.141507
-0.01208	-1.31195
-0.012	-2.66967
-0.01192	-3.84012
-0.01184	-4.35512
-0.01176	-4.26148
-0.01168	-3.18467
-0.0116	-1.63968
-0.01152	0.092583
-0.01144	1.49712
-0.01136	2.43348
-0.01128	2.94847
-0.0112	3.08893
-0.01112	3.04211
-0.01104	2.85484
-0.01096	2.15257
-0.01088	0.982123
-0.0108	-0.469232
-0.01072	-2.01422
-0.01064	-2.95058
-0.01056	-3.32512
-0.01048	-2.90376
-0.0104	-2.01422
-0.01032	-1.31195
-0.01024	-0.796957
-0.01016	-0.469232
-0.01008	0.186219
-0.01	1.16939
-0.00992	2.33984
-0.00984	3.22938
-0.00976	3.46347
-0.00968	3.04211
-0.0096	1.77803
-0.00952	0.654398
-0.00944	-0.188324
-0.00936	-0.375596
-0.00928	-0.141507
-0.0092	0.092583
-0.00912	-0.0478707
-0.00904	-0.422414
-0.00896	-0.984229
-0.00888	-1.54604
-0.0088	-1.87377
-0.00872	-2.06104
-0.00864	-2.06104
-0.00856	-1.73332
-0.00848	-1.07786
-0.0084	-0.188324
-0.00832	0.560762
-0.00824	0.982123
-0.00816	1.26303
-0.00808	1.4503
-0.008	1.87166
-0.00792	2.33984
-0.00784	2.62075
-0.00776	2.4803
-0.00768	1.59076
-0.0076	0.60758
-0.00752	-0.51605
-0.00744	-1.40559
-0.00736	-2.20149
-0.00728	-2.76331
-0.0072	-3.27831
-0.00712	-3.74648
-0.00704	-4.07421
-0.00696	-3.93376
-0.00688	-3.27831
-0.0068	-1.92059
-0.00672	-0.0946886
-0.00664	1.68439
-0.00656	3.04211
-0.00648	4.0721
-0.0064	4.86801
-0.00632	5.47664
-0.00624	5.898
-0.00616	5.42982
-0.00608	3.74438
-0.006	0.982123
-0.00592	-1.31195
-0.00584	-2.52922
-0.00576	-3.09103
-0.00568	-3.69967
-0.0056	-4.8233
-0.00552	-6.18102
-0.00544	-6.74283
-0.00536	-5.75965
-0.00528	-3.5124
-0.0052	-0.469232
-0.00512	2.38666
-0.00504	4.49347
-0.00496	5.57028
-0.00488	5.80437
-0.0048	5.24255
-0.00472	4.30619
-0.00464	3.2762
-0.00456	2.01212
-0.00448	0.60758
-0.0044	-1.12468
-0.00432	-3.13785
-0.00424	-4.63602
-0.00416	-5.52557
-0.00408	-5.47875
-0.004	-4.72966
-0.00392	-3.41876
-0.00384	-2.24831
-0.00376	-0.890593
-0.00368	0.701216
-0.0036	2.4803
-0.00352	4.44665
-0.00344	6.03846
-0.00336	6.64709
-0.00328	6.08527
-0.0032	4.39983
-0.00312	2.10575
-0.00304	-0.328778
-0.00296	-1.9674
-0.00288	-2.71649
-0.0028	-2.52922
-0.00272	-2.15468
-0.00264	-2.06104
-0.00256	-2.29513
-0.00248	-2.95058
-0.0024	-3.41876
-0.00232	-2.90376
-0.00224	-1.45241
-0.00216	0.37349
-0.00208	1.63757
-0.002	1.91848
-0.00192	1.40348
-0.00184	0.560762
-0.00176	-0.0946886
-0.00168	-0.235142
-0.0016	0.0457651
-0.00152	0.513944
-0.00144	0.841669
-0.00136	0.888487
-0.00128	0.654398
-0.0012	0.560762
-0.00112	0.654398
-0.00104	0.982123
-9.6E-4	0.888487
-8.8E-4	0.326672
-8.0E-4	-0.750139
-7.2E-4	-1.9674
-6.4E-4	-2.43558
-5.6E-4	-2.38877
-4.8E-4	-1.92059
-4.0E-4	-1.63968
-3.2E-4	-1.63968
-2.4E-4	-1.45241
-1.6E-4	-0.656503
-8.0E-5	0.888487
4.66478E-17	2.43348
8.0E-5	3.32302
1.6E-4	3.46347
2.4E-4	2.7612
3.2E-4	1.9653
4.0E-4	1.02894
4.8E-4	0.0457651
5.6E-4	-0.890593
6.4E-4	-1.59286
7.2E-4	-1.6865
8.0E-4	-1.21832
8.8E-4	-0.984229
9.6E-4	-1.12468
0.00104	-1.59286
0.00112	-1.82695
0.0012	-1.45241
0.00128	-0.609686
0.00136	0.233037
0.00144	0.794851
0.00152	1.26303
0.0016	1.35667
0.00168	1.21621
0.00176	0.982123
0.00184	0.37349
0.00192	-0.422414
0.002	-0.984229
0.00208	-1.07786
0.00216	-0.937411
0.00224	-0.703321
0.00232	-0.609686
0.0024	-0.703321
0.00248	-0.750139
0.00256	-0.609686
0.00264	-0.235142
0.00272	0.279855
0.0028	0.654398
0.00288	1.12258
0.00296	1.63757
0.00304	2.10575
0.00312	2.01212
0.0032	1.21621
0.00328	0.092583
0.00336	-0.796957
0.00344	-1.45241
0.00352	-1.82695
0.0036	-2.29513
0.00368	-2.95058
0.00376	-3.32512
0.00384	-2.9974
0.00392	-1.73332
0.004	-0.141507
0.00408	1.12258
0.00416	1.4503
0.00424	1.16939
0.00432	0.888487
0.0044	0.560762
0.00448	0.654398
0.00456	0.60758
0.00464	0.467126
0.00472	0.279855
0.0048	0.092583
0.00488	0.233037
0.00496	0.420308
0.00504	0.560762
0.00512	0.420308
0.0052	-0.0478707
0.00528	-0.422414
0.00536	-0.703321
0.00544	-0.984229
0.00552	-1.03105
0.0056	-1.40559
0.00568	-1.49923
0.00576	-1.40559
0.00584	-0.656503
0.00592	0.186219
0.006	1.02894
0.00608	1.59076
0.00616	1.82485
0.00624	2.05893
0.00632	2.10575
0.0064	1.9653
0.00648	1.35667
0.00656	0.420308
0.00664	-0.703321
0.00672	-1.35877
0.0068	-1.9674
0.00688	-2.57604
0.00696	-3.60603
0.00704	-4.40194
0.00712	-4.44875
0.0072	-3.27831
0.00728	-1.1715
0.00736	1.02894
0.00744	2.52711
0.00752	2.62075
0.0076	2.01212
0.00768	1.16939
0.00776	0.560762
0.00784	0.37349
0.00792	0.37349
0.008	0.560762
0.00808	0.654398
0.00816	0.420308
0.00824	-0.422414
0.00832	-1.54604
0.0084	-2.34195
0.00848	-2.4824
0.00856	-2.24831
0.00864	-1.82695
0.00872	-1.78013
0.0088	-2.24831
0.00888	-2.85694
0.00896	-3.04422
0.00904	-2.71649
0.00912	-2.10786
0.0092	-1.45241
0.00928	-0.890593
0.00936	-0.0946886
0.00944	0.60758
0.00952	1.30985
0.0096	1.9653
0.00968	2.57393
0.00976	2.66757
0.00984	2.05893
0.00992	0.37349
0.01	-1.9674
0.01008	-4.26148
0.01016	-5.6192
0.01024	-5.66602
0.01032	-4.44875
0.0104	-2.9974
0.01048	-1.92059
0.01056	-1.78013
0.01064	-2.38877
0.01072	-3.09103
0.0108	-3.23149
0.01088	-2.34195
0.01096	-0.562868
0.01104	1.30985
0.01112	2.33984
0.0112	2.10575
0.01128	0.935305
0.01136	-0.51605
0.01144	-1.45241
0.01152	-1.6865
0.0116	-1.6865
0.01168	-1.40559
0.01176	-1.63968
0.01184	-2.15468
0.01192	-2.71649
0.012	-3.13785
0.01208	-2.9974
0.01216	-2.34195
0.01224	-1.40559
0.01232	-0.562868
0.0124	-0.469232
0.01248	-1.07786
0.01256	-2.20149
0.01264	-3.04422
0.01272	-3.23149
0.0128	-2.95058
0.01288	-2.57604
0.01296	-2.81013
0.01304	-3.55921
0.01312	-4.3083
0.0132	-4.54239
0.01328	-4.02739
0.01336	-3.04422
0.01344	-1.9674
0.01352	-1.40559
0.0136	-1.54604
0.01368	-1.82695
0.01376	-2.24831
0.01384	-2.57604
0.01392	-3.09103
0.014	-3.88694
0.01408	-5.05739
0.01416	-6.1342
0.01424	-6.50874
0.01432	-6.1342
0.0144	-5.29148
0.01448	-4.26148
0.01456	-3.27831
0.01464	-2.24831
0.01472	-1.03105
0.0148	-0.188324
0.01488	0.139401
0.01496	-0.375596
0.01504	-1.78013
0.01512	-3.88694
0.0152	-6.1342
0.01528	-8.28782
0.01536	-10.0669
0.01544	-11.2373
0.01552	-11.5182
0.0156	-11.0032
0.01568	-9.17736
0.01576	-6.69601
0.01584	-4.16785
0.01592	-2.38877
0.016	-1.31195
0.01608	-1.12468
0.01616	-1.59286
0.01624	-2.52922
0.01632	-3.98057
0.0164	-6.04056
0.01648	-8.38146
0.01656	-10.6755
0.01664	-12.6418
0.01672	-13.5314
0.0168	-13.3441
0.01688	-12.0332
0.01696	-9.87963
0.01704	-7.4451
0.01712	-5.19784
0.0172	-3.65285
0.01728	-2.95058
0.01736	-2.76331
0.01744	-2.85694
0.01752	-3.27831
0.0176	-4.44875
0.01768	-6.46192
0.01776	-8.70918
0.01784	-10.8628
0.01792	-12.08
0.018	-12.5482
0.01808	-12.8291
0.01816	-13.1568
0.01824	-13.3441
0.01832	-13.11
0.0184	-11.8928
0.01848	-10.02
0.01856	-7.91328
0.01864	-6.41511
0.01872	-5.52557
0.0188	-4.72966
0.01888	-2.66967
0.01896	0.935305
0.01904	4.35301
0.01912	6.31936
0.0192	6.88118
0.01928	5.38301
0.01936	2.62075
0.01944	-0.0946886
0.01952	-2.38877
0.0196	-2.85694
0.01968	-1.45241
0.01976	1.40348
0.01984	3.41665
0.01992	3.2762
0.02	-0.141507
0.02008	-7.4451
0.02016	-14.7486
0.02024	-19.8518
0.02032	-20.0391
0.0204	-15.4977
0.02048	-8.66236
0.02056	-1.87377
0.02064	2.71439
0.02072	2.4803
0.0208	-1.9674
0.02088	-9.31781
0.02096	-15.8255
0.02104	-18.4473
0.02112	-16.2469
0.0212	-9.97327
0.02128	-1.49923
0.02136	6.22573
0.02144	9.97116
0.02152	8.33253
0.0216	1.07576
0.02168	-9.5519
0.02176	-18.4473
0.02184	-20.6477
0.02192	-14.0464
0.022	-0.51605
0.02208	12.9675
0.02216	18.8666
0.02224	15.1679
0.02232	4.86801
0.0224	-6.88328
0.02248	-16.7619
0.02256	-24.5805
0.02264	-29.8709
0.02272	-29.7304
0.0228	-22.4736
0.02288	-9.83281
0.02296	2.38666
0.02304	7.63026
0.02312	2.80802
0.0232	-8.61555
0.02328	-18.4941
0.02336	-19.8518
0.02344	-12.08
0.02352	-1.21832
0.0236	5.24255
0.02368	3.83801
0.02376	-3.98057
0.02384	-13.3441
0.02392	-20.0391
0.024	-21.5841
0.02408	-17.1364
0.02416	-8.47509
0.02424	0.794851
0.02432	6.45982
0.0244	5.28937
0.02448	-3.27831
0.02456	-16.481
0.02464	-27.8577
0.02472	-31.8372
0.0248	-26.0786
0.02488	-14.0464
0.02496	-1.63968
0.02504	6.08527
0.02512	7.7239
0.0252	4.44665
0.02528	-0.843775
0.02536	-5.15102
0.02544	-6.46192
0.02552	-5.1042
0.0256	-3.93376
0.02568	-6.41511
0.02576	-13.7655
0.02584	-23.5036
0.02592	-30.9477
0.026	-31.7436
0.02608	-25.1423
0.02616	-13.9059
0.02624	-2.01422
0.02632	7.25572
0.0264	13.0143
0.02648	15.8234
0.02656	16.5257
0.02664	16.1511
0.02672	14.7465
0.0268	11.3757
0.02688	4.63392
0.02696	-6.27465
0.02704	-18.8687
0.02712	-27.4832
0.0272	-26.6404
0.02728	-16.481
0.02736	-2.4824
0.02744	7.81754
0.02752	9.87752
0.0276	4.25938
0.02768	-4.54239
0.02776	-11.4714
0.02784	-15.2168
0.02792	-16.6682
0.028	-16.7619
0.02808	-15.1232
0.02816	-10.7223
0.02824	-4.12103
0.02832	2.71439
0.0284	7.11527
0.02848	7.34936
0.02856	4.54028
0.02864	1.26303
0.02872	-0.796957
0.0288	-0.703321
0.02888	0.513944
0.02896	1.82485
0.02904	2.94847
0.02912	2.57393
0.0292	-1.26514
0.02928	-9.31781
0.02936	-19.1496
0.02944	-25.7977
0.02952	-25.8914
0.0296	-19.5241
0.02968	-10.9096
0.02976	-6.36829
0.02984	-10.0669
0.02992	-21.1159
0.03	-33.7568
0.03008	-40.7326
0.03016	-39.5622
0.03024	-33.9908
0.03032	-28.9813
0.0304	-26.3595
0.03048	-24.2059
0.03056	-20.4605
0.03064	-14.5146
0.03072	-7.35146
0.0308	-0.984229
0.03088	1.68439
0.03096	-1.31195
0.03104	-8.80282
0.03112	-16.8087
0.0312	-20.0859
0.03128	-15.9659
0.03136	-7.25783
0.03144	1.02894
0.03152	5.33619
0.0316	4.96164
0.03168	2.94847
0.03176	2.33984
0.03184	3.93165
0.03192	4.96164
0.032	2.24621
0.03208	-4.3083
0.03216	-11.4714
0.03224	-15.9659
0.03232	-17.1832
0.0324	-17.4173
0.03248	-19.29
0.03256	-22.895
0.03264	-26.1254
0.03272	-26.8277
0.0328	-24.4868
0.03288	-20.6009
0.03296	-18.4005
0.03304	-19.2432
0.03312	-21.4905
0.0332	-22.1927
0.03328	-20.4605
0.03336	-17.7919
0.03344	-17.1364
0.03352	-20.7414
0.0336	-26.3127
0.03368	-30.1986
0.03376	-28.9813
0.03384	-20.835
0.03392	-7.67919
0.034	6.03846
0.03408	14.7465
0.03416	16.0575
0.03424	10.4861
0.03432	2.01212
0.0344	-5.1042
0.03448	-8.80282
0.03456	-10.3946
0.03464	-12.7823
0.03472	-18.5409
0.0348	-27.0618
0.03488	-33.6631
0.03496	-33.8036
0.03504	-27.3427
0.03512	-16.7619
0.0352	-5.15102
0.03528	5.94482
0.03536	15.3084
0.03544	20.4116
0.03552	17.8366
0.0356	6.08527
0.03568	-12.8759
0.03576	-33.1013
0.03584	-45.7421
0.03592	-44.1035
0.036	-29.7304
0.03608	-11.8928
0.03616	-1.21832
0.03624	-1.59286
0.03632	-8.05373
0.0364	-11.9396
0.03648	-8.38146
0.03656	0.420308
0.03664	8.19208
0.03672	7.91117
0.0368	-3.18467
0.03688	-21.3032
0.03696	-39.2345
0.03704	-49.3939
0.03712	-48.1299
0.0372	-36.1913
0.03728	-18.5409
0.03736	-2.24831
0.03744	6.78754
0.03752	6.69391
0.0376	-2.06104
0.03768	-17.23
0.03776	-32.8204
0.03784	-41.8094
0.03792	-39.2345
0.038	-26.3595
0.03808	-9.87963
0.03816	2.05893
0.03824	5.1021
0.03832	-0.235142
0.0384	-10.7691
0.03848	-22.38
0.03856	-31.3222
0.03864	-33.944
0.03872	-28.4663
0.0388	-17.1832
0.03888	-4.77648
0.03896	4.68074
0.03904	9.22207
0.03912	9.83071
0.0392	7.91117
0.03928	4.54028
0.03936	-0.984229
0.03944	-10.02
0.03952	-21.0223
0.0396	-29.075
0.03968	-29.6368
0.03976	-22.4268
0.03984	-10.8159
0.03992	-0.235142
0.04	5.14892
0.04008	3.83801
0.04016	-2.24831
0.04024	-10.4414
0.04032	-17.5578
0.0404	-21.2564
0.04048	-20.6477
0.04056	-16.3405
0.04064	-10.8159
0.04072	-6.64919
0.0408	-5.19784
0.04088	-6.08738
0.04096	-8.33464
0.04104	-10.8628
0.04112	-13.0164
0.0412	-14.5614
0.04128	-15.7318
0.04136	-16.5278
0.04144	-16.9491
0.04152	-16.4341
0.0416	-14.0464
0.04168	-9.97327
0.04176	-6.18102
0.04184	-4.44875
0.04192	-5.24466
0.042	-8.00691
0.04208	-11.0969
0.04216	-13.3441
0.04224	-13.8591
0.04232	-12.4078
0.0424	-10.9096
0.04248	-11.565
0.04256	-15.17
0.04264	-20.3668
0.04272	-24.7209
0.0428	-25.47
0.04288	-21.4905
0.04296	-13.6718
0.04304	-4.87011
0.04312	1.12258
0.0432	2.10575
0.04328	-2.01422
0.04336	-8.70918
0.04344	-14.2336
0.04352	-16.0128
0.0436	-14.1868
0.04368	-10.535
0.04376	-7.49192
0.04384	-6.18102
0.04392	-7.07056
0.044	-9.73918
0.04408	-13.6718
0.04416	-18.4941
0.04424	-22.9886
0.04432	-24.955
0.0444	-23.2227
0.04448	-19.29
0.04456	-16.1532
0.04464	-16.2
0.04472	-19.6646
0.0448	-23.8314
0.04488	-25.8914
0.04496	-24.0186
0.04504	-18.4005
0.04512	-10.9096
0.0452	-4.21466
0.04528	-0.656503
0.04536	-0.51605
0.04544	-3.74648
0.04552	-9.17736
0.0456	-15.4509
0.04568	-20.32
0.04576	-22.0991
0.04584	-19.9923
0.04592	-14.9827
0.046	-9.13054
0.04608	-5.29148
0.04616	-5.90011
0.04624	-10.8628
0.04632	-17.9323
0.0464	-24.2059
0.04648	-27.1554
0.04656	-25.7041
0.04664	-20.4605
0.04672	-13.4377
0.0468	-6.55556
0.04688	-2.62286
0.04696	-3.37194
0.04704	-8.14737
0.04712	-14.7955
0.0472	-20.4137
0.04728	-23.3164
0.04736	-22.895
0.04744	-19.805
0.04752	-15.8255
0.0476	-13.0164
0.04768	-12.8759
0.04776	-15.3105
0.04784	-18.7282
0.04792	-21.5841
0.048	-22.5205
0.04808	-21.0691
0.04816	-18.1196
0.04824	-15.4509
0.04832	-13.9527
0.0484	-12.6887
0.04848	-11.05
0.04856	-9.08373
0.04864	-7.63237
0.04872	-6.88328
0.0488	-6.97692
0.04888	-8.33464
0.04896	-11.2373
0.04904	-15.2168
0.04912	-18.7282
0.0492	-20.4605
0.04928	-19.1964
0.04936	-16.0596
0.04944	-13.2973
0.04952	-12.9696
0.0496	-15.3105
0.04968	-18.6814
0.04976	-20.6477
0.04984	-19.6178
0.04992	-16.1532
0.05	-12.08
0.05008	-7.91328
0.05016	-4.49557
0.05024	-2.81013
0.05032	-4.12103
0.0504	-7.81964
0.05048	-11.7055
0.05056	-13.3909
0.05064	-11.9396
0.05072	-8.10055
0.0508	-4.21466
0.05088	-3.09103
0.05096	-5.29148
0.05104	-9.50509
0.05112	-13.0632
0.0512	-14.5146
0.05128	-14.4209
0.05136	-13.8123
0.05144	-14.14
0.05152	-14.8891
0.0516	-14.7486
0.05168	-12.7355
0.05176	-8.756
0.05184	-4.35512
0.05192	-0.703321
0.052	0.513944
0.05208	-1.12468
0.05216	-5.6192
0.05224	-11.9864
0.05232	-18.3069
0.0524	-22.0991
0.05248	-21.5841
0.05256	-16.996
0.05264	-10.6755
0.05272	-5.52557
0.0528	-3.23149
0.05288	-3.84012
0.05296	-7.35146
0.05304	-12.7355
0.05312	-18.3069
0.0532	-22.2396
0.05328	-23.1291
0.05336	-20.5073
0.05344	-15.3573
0.05352	-9.64554
0.0536	-5.33829
0.05368	-2.90376
0.05376	-2.81013
0.05384	-4.77648
0.05392	-8.756
0.054	-13.5314
0.05408	-17.3237
0.05416	-18.5409
0.05424	-17.3705
0.05432	-15.3105
0.0544	-13.625
0.05448	-12.9696
0.05456	-12.7355
0.05464	-12.7823
0.05472	-13.0632
0.0548	-12.8759
0.05488	-12.08
0.05496	-10.6755
0.05504	-9.36463
0.05512	-8.84964
0.0552	-9.83281
0.05528	-12.6418
0.05536	-16.1064
0.05544	-18.1664
0.05552	-17.5109
0.0556	-13.9059
0.05568	-9.5519
0.05576	-6.27465
0.05584	-4.96375
0.05592	-5.43193
0.056	-6.88328
0.05608	-8.56873
0.05616	-10.0669
0.05624	-11.2373
0.05632	-11.8928
0.0564	-12.5482
0.05648	-12.7355
0.05656	-12.8759
0.05664	-13.4846
0.05672	-14.655
0.0568	-14.7018
0.05688	-12.3609
0.05696	-8.241
0.05704	-4.07421
0.05712	-2.15468
0.0572	-3.09103
0.05728	-5.90011
0.05736	-9.59872
0.05744	-12.2673
0.05752	-12.8759
0.0576	-11.7523
0.05768	-9.97327
0.05776	-9.08373
0.05784	-9.31781
0.05792	-10.3478
0.058	-11.7523
0.05808	-13.0632
0.05816	-13.625
0.05824	-13.4377
0.05832	-12.1268
0.0584	-10.02
0.05848	-7.49192
0.05856	-5.1042
0.05864	-4.02739
0.05872	-5.19784
0.0588	-8.47509
0.05888	-12.1737
0.05896	-13.9059
0.05904	-12.5482
0.05912	-9.13054
0.0592	-6.22783
0.05928	-5.75965
0.05936	-8.47509
0.05944	-13.5314
0.05952	-18.6346
0.0596	-21.2564
0.05968	-20.6477
0.05976	-17.9323
0.05984	-15.0764
0.05992	-12.7355
0.06	-11.3778
0.06008	-10.4414
0.06016	-9.50509
0.06024	-8.52191
0.06032	-8.42827
0.0604	-9.36463
0.06048	-10.5819
0.06056	-11.2373
0.06064	-11.2841
0.06072	-11.7523
0.0608	-13.2973
0.06088	-15.2168
0.06096	-16.0128
0.06104	-14.7955
0.06112	-12.1737
0.0612	-9.78599
0.06128	-9.22418
0.06136	-10.3478
0.06144	-11.8928
0.06152	-12.6418
0.0616	-12.3609
0.06168	-12.08
0.06176	-12.4078
0.06184	-12.6418
0.06192	-11.5182
0.062	-9.50509
0.06208	-7.86646
0.06216	-7.81964
0.06224	-9.22418
0.06232	-10.3946
0.0624	-10.2541
0.06248	-8.66236
0.06256	-7.35146
0.06264	-7.21101
0.06272	-8.10055
0.0628	-9.31781
0.06288	-9.78599
0.06296	-9.83281
0.06304	-10.0669
0.06312	-10.9564
0.0632	-11.7991
0.06328	-11.0969
0.06336	-8.42827
0.06344	-5.38511
0.06352	-3.46558
0.0636	-3.55921
0.06368	-5.1042
0.06376	-7.4451
0.06384	-9.92645
0.06392	-12.8291
0.064	-15.8723
0.06408	-18.0728
0.06416	-18.5409
0.06424	-17.3705
0.06432	-15.0296
0.0644	-12.0332
0.06448	-9.13054
0.06456	-7.35146
0.06464	-7.02374
0.06472	-7.9601
0.0648	-10.3946
0.06488	-14.2336
0.06496	-18.1664
0.06504	-20.3668
0.06512	-19.6646
0.0652	-16.3873
0.06528	-11.8459
0.06536	-7.81964
0.06544	-5.66602
0.06552	-5.29148
0.0656	-6.04056
0.06568	-7.35146
0.06576	-8.70918
0.06584	-9.78599
0.06592	-10.2073
0.066	-9.97327
0.06608	-8.756
0.06616	-7.39828
0.06624	-6.9301
0.06632	-7.72601
0.0664	-9.36463
0.06648	-11.6118
0.06656	-13.6718
0.06664	-15.1232
0.06672	-15.2636
0.0668	-14.1868
0.06688	-12.6887
0.06696	-11.6587
0.06704	-11.5182
0.06712	-12.4546
0.0672	-13.8591
0.06728	-15.4977
0.06736	-16.9491
0.06744	-17.7919
0.06752	-17.6514
0.0676	-16.481
0.06768	-14.5146
0.06776	-11.6118
0.06784	-8.28782
0.06792	-5.90011
0.068	-6.18102
0.06808	-9.87963
0.06816	-16.3873
0.06824	-23.5505
0.06832	-28.9813
0.0684	-31.1818
0.06848	-29.1686
0.06856	-23.1759
0.06864	-14.4677
0.06872	-4.72966
0.0688	3.41665
0.06888	7.02163
0.06896	3.74438
0.06904	-6.64919
0.06912	-20.7882
0.0692	-32.0713
0.06928	-34.9272
0.06936	-28.3727
0.06944	-16.9491
0.06952	-6.41511
0.0696	-1.63968
0.06968	-4.02739
0.06976	-11.2841
0.06984	-18.6814
0.06992	-22.5205
0.07	-21.35
0.07008	-17.1832
0.07016	-13.2973
0.07024	-11.8928
0.07032	-12.8291
0.0704	-14.7018
0.07048	-16.6214
0.07056	-18.1664
0.07064	-18.775
0.07072	-17.9323
0.0708	-15.2636
0.07088	-10.5819
0.07096	-5.43193
0.07104	-2.81013
0.07112	-4.96375
0.0712	-11.6587
0.07128	-18.8218
0.07136	-21.6777
0.07144	-17.5109
0.07152	-8.756
0.0716	-1.12468
0.07168	0.560762
0.07176	-4.44875
0.07184	-13.11
0.07192	-20.4605
0.072	-22.895
0.07208	-19.805
0.07216	-12.8291
0.07224	-5.52557
0.07232	-0.656503
0.0724	-0.422414
0.07248	-5.15102
0.07256	-13.5314
0.07264	-22.6609
0.07272	-28.56
0.0728	-27.7641
0.07288	-19.0091
0.07296	-5.38511
0.07304	6.83436
0.07312	11.6566
0.0732	6.55345
0.07328	-6.08738
0.07336	-20.5541
0.07344	-31.0881
0.07352	-33.8504
0.0736	-28.9345
0.07368	-19.29
0.07376	-9.13054
0.07384	-1.92059
0.07392	0.841669
0.074	-0.235142
0.07408	-3.84012
0.07416	-8.33464
0.07424	-12.1737
0.07432	-14.7955
0.0744	-16.2469
0.07448	-16.3873
0.07456	-15.17
0.07464	-13.4377
0.07472	-12.3609
0.0748	-12.6418
0.07488	-13.8591
0.07496	-14.5146
0.07504	-13.8123
0.07512	-11.9864
0.0752	-10.4414
0.07528	-10.3009
0.07536	-11.9396
0.07544	-14.0932
0.07552	-14.7018
0.0756	-12.6418
0.07568	-8.94327
0.07576	-6.08738
0.07584	-5.6192
0.07592	-7.49192
0.076	-10.2073
0.07608	-12.6418
0.07616	-13.8591
0.07624	-13.6718
0.07632	-12.3141
0.0764	-11.0032
0.07648	-10.6755
0.07656	-12.08
0.07664	-15.3573
0.07672	-19.6646
0.0768	-22.2396
0.07688	-20.6946
0.07696	-14.7486
0.07704	-7.39828
0.07712	-2.29513
0.0772	-1.54604
0.07728	-4.72966
0.07736	-9.87963
0.07744	-14.7018
0.07752	-17.5578
0.0776	-18.2132
0.07768	-16.6214
0.07776	-13.7187
0.07784	-10.9096
0.07792	-9.5519
0.078	-10.3946
0.07808	-12.7355
0.07816	-15.4041
0.07824	-16.4341
0.07832	-15.685
0.0784	-13.8123
0.07848	-11.7523
0.07856	-10.0669
0.07864	-9.31781
0.07872	-9.69236
0.0788	-11.4246
0.07888	-13.9527
0.07896	-16.2
0.07904	-16.9023
0.07912	-15.2168
0.0792	-11.9396
0.07928	-8.52191
0.07936	-6.55556
0.07944	-6.69601
0.07952	-8.42827
0.0796	-11.05
0.07968	-14.2805
0.07976	-17.3237
0.07984	-19.4305
0.07992	-19.4305
0.08	-17.1832
0.08008	-13.3441
0.08016	-9.13054
0.08024	-5.90011
0.08032	-4.07421
0.0804	-3.60603
0.08048	-4.87011
0.08056	-7.9601
0.08064	-11.7523
0.08072	-14.7486
0.0808	-15.5446
0.08088	-13.5314
0.08096	-9.5519
0.08104	-5.75965
0.08112	-3.69967
0.0812	-4.44875
0.08128	-7.35146
0.08136	-11.05
0.08144	-14.0464
0.08152	-15.4509
0.0816	-14.655
0.08168	-12.4078
0.08176	-9.31781
0.08184	-6.74283
0.08192	-5.94693
0.082	-7.11737
0.08208	-9.73918
0.08216	-12.1737
0.08224	-12.8291
0.08232	-11.0032
0.0824	-7.21101
0.08248	-3.27831
0.08256	-0.890593
0.08264	-1.07786
0.08272	-3.65285
0.0828	-7.4451
0.08288	-11.1905
0.08296	-13.6718
0.08304	-14.655
0.08312	-14.14
0.0832	-12.8759
0.08328	-11.3309
0.08336	-9.73918
0.08344	-8.28782
0.08352	-7.07056
0.0836	-6.41511
0.08368	-6.69601
0.08376	-7.39828
0.08384	-8.19419
0.08392	-8.94327
0.084	-9.59872
0.08408	-10.2073
0.08416	-10.6755
0.08424	-10.7691
0.08432	-10.5819
0.0844	-10.4414
0.08448	-11.0032
0.08456	-12.1737
0.08464	-13.3909
0.08472	-13.6718
0.0848	-13.2973
0.08488	-12.8759
0.08496	-13.2505
0.08504	-15.3105
0.08512	-17.5578
0.0852	-18.0728
0.08528	-15.0296
0.08536	-8.80282
0.08544	-2.10786
0.08552	1.54394
0.0856	0.841669
0.08568	-3.65285
0.08576	-8.89645
0.08584	-11.9396
0.08592	-11.7523
0.086	-9.5519
0.08608	-7.63237
0.08616	-7.81964
0.08624	-9.69236
0.08632	-11.7523
0.0864	-12.7355
0.08648	-12.6418
0.08656	-11.8928
0.08664	-10.7691
0.08672	-9.5519
0.0868	-8.05373
0.08688	-6.50874
0.08696	-5.71284
0.08704	-5.90011
0.08712	-7.21101
0.0872	-8.56873
0.08728	-9.73918
0.08736	-9.59872
0.08744	-9.22418
0.08752	-9.17736
0.0876	-10.0669
0.08768	-11.2373
0.08776	-11.4714
0.08784	-10.4414
0.08792	-8.84964
0.088	-8.05373
0.08808	-8.28782
0.08816	-9.36463
0.08824	-10.2541
0.08832	-10.7223
0.0884	-10.535
0.08848	-9.97327
0.08856	-8.38146
0.08864	-6.22783
0.08872	-3.98057
0.0888	-2.95058
0.08888	-3.27831
0.08896	-4.58921
0.08904	-5.80647
0.08912	-6.50874
0.0892	-7.35146
0.08928	-8.94327
0.08936	-11.1905
0.08944	-13.1568
0.08952	-13.2973
0.0896	-11.7991
0.08968	-9.69236
0.08976	-9.08373
0.08984	-10.3946
0.08992	-12.2673
0.09	-12.6887
0.09008	-11.05
0.09016	-8.61555
0.09024	-6.88328
0.09032	-6.88328
0.0904	-8.56873
0.09048	-10.6287
0.09056	-11.6118
0.09064	-11.0969
0.09072	-9.5519
0.0908	-7.58555
0.09088	-6.08738
0.09096	-5.85329
0.09104	-6.97692
0.09112	-8.56873
0.0912	-9.83281
0.09128	-9.87963
0.09136	-8.52191
0.09144	-6.9301
0.09152	-6.18102
0.0916	-6.41511
0.09168	-6.69601
0.09176	-6.22783
0.09184	-4.87011
0.09192	-3.37194
0.092	-3.04422
0.09208	-4.12103
0.09216	-6.22783
0.09224	-8.241
0.09232	-9.5519
0.0924	-9.92645
0.09248	-9.69236
0.09256	-9.13054
0.09264	-8.28782
0.09272	-7.30465
0.0928	-6.46192
0.09288	-6.36829
0.09296	-6.78965
0.09304	-6.9301
0.09312	-6.22783
0.0932	-4.77648
0.09328	-3.37194
0.09336	-2.90376
0.09344	-3.46558
0.09352	-5.01057
0.0936	-7.16419
0.09368	-8.89645
0.09376	-9.64554
0.09384	-9.13054
0.09392	-7.53873
0.094	-5.57238
0.09408	-4.12103
0.09416	-3.55921
0.09424	-3.93376
0.09432	-4.49557
0.0944	-4.77648
0.09448	-5.01057
0.09456	-5.38511
0.09464	-6.41511
0.09472	-8.28782
0.0948	-10.0669
0.09488	-10.5819
0.09496	-9.271
0.09504	-6.60238
0.09512	-4.16785
0.0952	-3.23149
0.09528	-3.88694
0.09536	-5.43193
0.09544	-7.11737
0.09552	-8.241
0.0956	-8.80282
0.09568	-8.80282
0.09576	-8.19419
0.09584	-7.72601
0.09592	-7.58555
0.096	-8.33464
0.09608	-9.31781
0.09616	-10.02
0.09624	-9.03691
0.09632	-6.50874
0.0964	-3.37194
0.09648	-1.63968
0.09656	-2.15468
0.09664	-4.02739
0.09672	-5.90011
0.0968	-6.88328
0.09688	-7.21101
0.09696	-7.30465
0.09704	-7.81964
0.09712	-8.10055
0.0972	-7.30465
0.09728	-4.8233
0.09736	-1.31195
0.09744	1.35667
0.09752	1.68439
0.0976	-0.750139
0.09768	-5.05739
0.09776	-8.80282
0.09784	-10.4414
0.09792	-9.13054
0.098	-5.85329
0.09808	-2.01422
0.09816	0.841669
0.09824	1.63757
0.09832	0.092583
0.0984	-3.55921
0.09848	-8.19419
0.09856	-11.4714
0.09864	-12.3141
0.09872	-10.1605
0.0988	-6.55556
0.09888	-3.5124
0.09896	-2.66967
0.09904	-4.26148
0.09912	-7.11737
0.0992	-9.13054
0.09928	-9.271
0.09936	-7.63237
0.09944	-5.43193
0.09952	-4.16785
0.0996	-4.44875
0.09968	-5.75965
0.09976	-7.25783
0.09984	-7.9601
0.09992	-7.53873
0.1	-5.85329
0.10008	-3.74648
0.10016	-1.54604
0.10024	-0.328778
0.10032	-0.750139
0.1004	-2.29513
0.10048	-4.21466
0.10056	-6.1342
0.10064	-7.86646
0.10072	-9.271
0.1008	-10.02
0.10088	-9.59872
0.10096	-7.86646
0.10104	-4.58921
0.10112	-2.01422
0.1012	-1.35877
0.10128	-3.7933
0.10136	-7.81964
0.10144	-11.0969
0.10152	-11.7991
0.1016	-9.03691
0.10168	-4.54239
0.10176	-0.375596
0.10184	1.30985
0.10192	-0.422414
0.102	-4.21466
0.10208	-7.67919
0.10216	-9.271
0.10224	-8.19419
0.10232	-6.04056
0.1024	-4.44875
0.10248	-4.63602
0.10256	-6.04056
0.10264	-7.39828
0.10272	-7.39828
0.1028	-5.52557
0.10288	-3.32512
0.10296	-2.29513
0.10304	-3.46558
0.10312	-5.94693
0.1032	-8.10055
0.10328	-8.89645
0.10336	-8.00691
0.10344	-6.64919
0.10352	-5.75965
0.1036	-5.43193
0.10368	-4.91693
0.10376	-4.02739
0.10384	-2.52922
0.10392	-1.82695
0.104	-2.57604
0.10408	-5.01057
0.10416	-7.77282
0.10424	-9.13054
0.10432	-7.9601
0.1044	-4.77648
0.10448	-1.73332
0.10456	-1.40559
0.10464	-4.40194
0.10472	-8.70918
0.1048	-11.6587
0.10488	-11.0969
0.10496	-8.00691
0.10504	-4.87011
0.10512	-3.7933
0.1052	-5.05739
0.10528	-7.21101
0.10536	-8.756
0.10544	-8.84964
0.10552	-7.81964
0.1056	-6.55556
0.10568	-5.38511
0.10576	-4.16785
0.10584	-2.85694
0.10592	-1.6865
0.106	-1.31195
0.10608	-2.15468
0.10616	-3.84012
0.10624	-5.57238
0.10632	-6.18102
0.1064	-5.57238
0.10648	-4.40194
0.10656	-3.27831
0.10664	-2.66967
0.10672	-2.57604
0.1068	-2.81013
0.10688	-3.41876
0.10696	-3.93376
0.10704	-4.3083
0.10712	-4.8233
0.1072	-5.05739
0.10728	-5.24466
0.10736	-5.38511
0.10744	-5.38511
0.10752	-5.43193
0.1076	-5.01057
0.10768	-4.07421
0.10776	-2.90376
0.10784	-1.63968
0.10792	-1.07786
0.108	-2.15468
0.10808	-4.26148
0.10816	-6.55556
0.10824	-7.53873
0.10832	-6.46192
0.1084	-4.26148
0.10848	-1.63968
0.10856	0.326672
0.10864	0.982123
0.10872	0.139401
0.1088	-1.9674
0.10888	-4.58921
0.10896	-6.74283
0.10904	-7.30465
0.10912	-6.46192
0.1092	-5.1042
0.10928	-4.21466
0.10936	-4.40194
0.10944	-5.15102
0.10952	-5.71284
0.1096	-5.75965
0.10968	-5.52557
0.10976	-4.77648
0.10984	-3.93376
0.10992	-3.04422
0.11	-2.24831
0.11008	-1.82695
0.11016	-1.92059
0.11024	-2.52922
0.11032	-3.32512
0.1104	-3.88694
0.11048	-4.49557
0.11056	-4.96375
0.11064	-5.6192
0.11072	-6.04056
0.1108	-6.18102
0.11088	-5.80647
0.11096	-4.77648
0.11104	-3.13785
0.11112	-1.63968
0.1112	-0.656503
0.11128	-0.750139
0.11136	-2.34195
0.11144	-4.8233
0.11152	-7.21101
0.1116	-8.56873
0.11168	-7.72601
0.11176	-4.87011
0.11184	-1.40559
0.11192	1.35667
0.112	1.77803
0.11208	-0.235142
0.11216	-3.55921
0.11224	-6.46192
0.11232	-7.9601
0.1124	-7.67919
0.11248	-5.94693
0.11256	-3.55921
0.11264	-0.984229
0.11272	0.513944
0.1128	0.467126
0.11288	-0.703321
0.11296	-2.20149
0.11304	-3.32512
0.11312	-3.93376
0.1132	-4.02739
0.11328	-3.65285
0.11336	-2.76331
0.11344	-1.54604
0.11352	-0.562868
0.1136	-0.703321
0.11368	-2.24831
0.11376	-5.01057
0.11384	-7.58555
0.11392	-8.66236
0.114	-7.35146
0.11408	-4.26148
0.11416	-0.609686
0.11424	1.59076
0.11432	1.30985
0.1144	-0.843775
0.11448	-3.60603
0.11456	-5.57238
0.11464	-6.1342
0.11472	-5.38511
0.1148	-3.7933
0.11488	-2.06104
0.11496	-1.12468
0.11504	-1.40559
0.11512	-2.43558
0.1152	-3.65285
0.11528	-4.35512
0.11536	-4.44875
0.11544	-4.07421
0.11552	-3.55921
0.1156	-3.37194
0.11568	-3.55921
0.11576	-3.88694
0.11584	-4.07421
0.11592	-4.21466
0.116	-4.35512
0.11608	-4.3083
0.11616	-3.74648
0.11624	-2.57604
0.11632	-1.26514
0.1164	-0.656503
0.11648	-1.03105
0.11656	-1.82695
0.11664	-2.71649
0.11672	-3.27831
0.1168	-3.41876
0.11688	-3.13785
0.11696	-2.43558
0.11704	-1.78013
0.11712	-1.07786
0.1172	-0.51605
0.11728	-0.141507
0.11736	-0.609686
0.11744	-1.54604
0.11752	-2.62286
0.1176	-3.41876
0.11768	-3.37194
0.11776	-2.57604
0.11784	-1.63968
0.11792	-0.984229
0.118	-0.890593
0.11808	-1.45241
0.11816	-2.24831
0.11824	-2.85694
0.11832	-2.66967
0.1184	-1.63968
0.11848	-0.28196
0.11856	0.888487
0.11864	0.982123
0.11872	0.139401
0.1188	-1.26514
0.11888	-2.29513
0.11896	-2.4824
0.11904	-1.9674
0.11912	-1.31195
0.1192	-1.07786
0.11928	-1.1715
0.11936	-1.26514
0.11944	-0.937411
0.11952	-0.703321
0.1196	-0.750139
0.11968	-1.35877
0.11976	-2.24831
0.11984	-3.04422
0.11992	-3.37194
0.12	-3.13785
0.12008	-2.38877
0.12016	-1.54604
0.12024	-0.937411
0.12032	-1.03105
0.1204	-1.73332
0.12048	-2.90376
0.12056	-3.93376
0.12064	-4.26148
0.12072	-3.84012
0.1208	-2.85694
0.12088	-2.01422
0.12096	-1.54604
0.12104	-1.63968
0.12112	-2.06104
0.1212	-2.29513
0.12128	-2.15468
0.12136	-1.87377
0.12144	-1.45241
0.12152	-1.49923
0.1216	-1.82695
0.12168	-2.24831
0.12176	-2.62286
0.12184	-2.81013
0.12192	-2.71649
0.122	-2.57604
0.12208	-2.52922
0.12216	-2.66967
0.12224	-2.90376
0.12232	-2.95058
0.1224	-2.66967
0.12248	-1.9674
0.12256	-1.12468
0.12264	-0.375596
0.12272	-0.141507
0.1228	-0.562868
0.12288	-1.6865
0.12296	-2.62286
0.12304	-3.18467
0.12312	-3.18467
0.1232	-2.9974
0.12328	-2.57604
0.12336	-2.06104
0.12344	-1.40559
0.12352	-0.609686
0.1236	-0.0946886
0.12368	-0.141507
0.12376	-0.937411
0.12384	-2.06104
0.12392	-2.76331
0.124	-2.90376
0.12408	-2.29513
0.12416	-1.54604
0.12424	-1.03105
0.12432	-0.890593
0.1244	-0.937411
0.12448	-1.26514
0.12456	-1.49923
0.12464	-1.73332
0.12472	-1.73332
0.1248	-1.54604
0.12488	-1.12468
0.12496	-0.937411
0.12504	-1.07786
0.12512	-1.59286
0.1252	-1.9674
0.12528	-2.20149
0.12536	-2.15468
0.12544	-1.82695
0.12552	-1.49923
0.1256	-1.35877
0.12568	-1.12468
0.12576	-1.1715
0.12584	-1.03105
0.12592	-1.12468
0.126	-1.54604
0.12608	-1.9674
0.12616	-2.15468
0.12624	-1.87377
0.12632	-1.40559
0.1264	-1.12468
0.12648	-1.40559
0.12656	-1.92059
0.12664	-2.15468
0.12672	-1.73332
0.1268	-0.796957
0.12688	-0.141507
0.12696	-0.0946886
0.12704	-0.703321
0.12712	-1.59286
0.1272	-2.20149
0.12728	-2.29513
0.12736	-2.01422
0.12744	-1.40559
0.12752	-0.843775
0.1276	-0.422414
0.12768	-0.375596
0.12776	-0.984229
0.12784	-1.49923
0.12792	-1.82695
0.128	-1.54604
0.12808	-1.12468
0.12816	-1.12468
0.12824	-1.63968
0.12832	-2.24831
0.1284	-2.52922
0.12848	-2.29513
0.12856	-1.6865
0.12864	-0.796957
0.12872	-0.28196
0.1288	-0.0010528
0.12888	-0.375596
0.12896	-0.937411
0.12904	-1.63968
0.12912	-2.10786
0.1292	-2.15468
0.12928	-1.82695
0.12936	-1.21832
0.12944	-0.796957
0.12952	-0.562868
0.1296	-0.890593
0.12968	-1.45241
0.12976	-2.10786
0.12984	-2.43558
0.12992	-2.01422
0.13	-1.26514
0.13008	-0.328778
0.13016	0.233037
0.13024	0.279855
0.13032	-0.0478707
0.1304	-0.703321
0.13048	-0.984229
0.13056	-1.12468
0.13064	-0.937411
0.13072	-0.750139
0.1308	-0.562868
0.13088	-0.235142
0.13096	0.139401
0.13104	0.139401
0.13112	-0.235142
0.1312	-0.890593
0.13128	-1.35877
0.13136	-1.45241
0.13144	-0.937411
0.13152	-0.51605
0.1316	-0.703321
0.13168	-1.31195
0.13176	-1.78013
0.13184	-1.12468
0.13192	0.560762
0.132	2.38666
0.13208	3.22938
0.13216	2.38666
0.13224	0.37349
0.13232	-1.87377
0.1324	-3.23149
0.13248	-2.81013
0.13256	-1.40559
0.13264	0.326672
0.13272	1.40348
0.1328	1.4503
0.13288	0.513944
0.13296	-0.843775
0.13304	-1.9674
0.13312	-2.4824
0.1332	-2.15468
0.13328	-1.03105
0.13336	0.0457651
0.13344	0.186219
0.13352	-0.0478707
0.1336	-0.750139
0.13368	-1.26514
0.13376	-1.26514
0.13384	-0.843775
0.13392	-0.235142
0.134	0.420308
0.13408	0.982123
0.13416	1.21621
0.13424	0.888487
0.13432	-0.0478707
0.1344	-1.03105
0.13448	-1.73332
0.13456	-1.49923
0.13464	-0.703321
0.13472	-0.0010528
0.1348	0.233037
0.13488	-0.28196
0.13496	-0.937411
0.13504	-1.45241
0.13512	-1.31195
0.1352	-0.984229
0.13528	-1.03105
0.13536	-1.40559
0.13544	-1.92059
0.13552	-2.01422
0.1356	-1.40559
0.13568	-0.235142
0.13576	0.701216
0.13584	1.07576
0.13592	0.654398
0.136	-0.141507
0.13608	-0.890593
0.13616	-1.12468
0.13624	-0.796957
0.13632	-0.188324
0.1364	0.560762
0.13648	1.12258
0.13656	1.49712
0.13664	1.12258
0.13672	-0.0946886
0.1368	-1.45241
0.13688	-2.52922
0.13696	-2.57604
0.13704	-1.6865
0.13712	0.0457651
0.1372	1.49712
0.13728	2.33984
0.13736	2.01212
0.13744	1.02894
0.13752	-0.0946886
0.1376	-1.21832
0.13768	-2.06104
0.13776	-2.57604
0.13784	-2.81013
0.13792	-2.15468
0.138	-0.703321
0.13808	1.07576
0.13816	2.62075
0.13824	3.13575
0.13832	2.43348
0.1384	0.841669
0.13848	-0.703321
0.13856	-1.78013
0.13864	-1.87377
0.13872	-1.49923
0.1388	-0.562868
0.13888	0.560762
0.13896	1.49712
0.13904	2.19939
0.13912	2.10575
0.1392	1.4503
0.13928	0.560762
0.13936	-0.328778
0.13944	-0.609686
0.13952	-0.562868
0.1396	-0.328778
0.13968	0.092583
0.13976	0.701216
0.13984	1.26303
0.13992	1.63757
0.14	1.63757
0.14008	1.21621
0.14016	0.888487
0.14024	0.888487
0.14032	1.07576
0.1404	1.40348
0.14048	1.21621
0.14056	0.935305
0.14064	0.420308
0.14072	0.186219
0.1408	0.233037
0.14088	0.233037
0.14096	0.092583
0.14104	-0.28196
0.14112	-0.703321
0.1412	-1.07786
0.14128	-0.890593
0.14136	-0.656503
0.14144	-0.422414
0.14152	-0.188324
0.1416	0.279855
0.14168	1.02894
0.14176	2.10575
0.14184	2.71439
0.14192	2.33984
0.142	1.26303
0.14208	-0.235142
0.14216	-1.49923
0.14224	-2.24831
0.14232	-2.20149
0.1424	-1.21832
0.14248	0.513944
0.14256	2.15257
0.14264	2.66757
0.14272	1.82485
0.1428	0.139401
0.14288	-1.92059
0.14296	-3.7933
0.14304	-4.8233
0.14312	-3.60603
0.1432	0.279855
0.14328	4.96164
0.14336	7.63026
0.14344	6.08527
0.14352	0.748034
0.1436	-4.44875
0.14368	-5.80647
0.14376	-2.4824
0.14384	3.08893
0.14392	6.88118
0.144	6.60027
0.14408	3.08893
0.14416	-1.31195
0.14424	-4.21466
0.14432	-4.72966
0.1444	-3.09103
0.14448	-0.0010528
0.14456	3.51029
0.14464	6.27255
0.14472	7.02163
0.1448	4.96164
0.14488	0.467126
0.14496	-4.72966
0.14504	-7.72601
0.14512	-6.60238
0.1452	-1.87377
0.14528	4.21256
0.14536	8.14526
0.14544	7.91117
0.14552	3.88483
0.1456	-1.59286
0.14568	-5.57238
0.14576	-6.46192
0.14584	-4.16785
0.14592	-0.28196
0.146	3.22938
0.14608	4.86801
0.14616	4.21256
0.14624	1.77803
0.14632	-1.35877
0.1464	-3.65285
0.14648	-4.35512
0.14656	-3.32512
0.14664	-1.12468
0.14672	1.35667
0.1468	3.32302
0.14688	3.7912
0.14696	2.4803
0.14704	0.37349
0.14712	-1.92059
0.1472	-2.90376
0.14728	-2.29513
0.14736	-0.28196
0.14744	1.77803
0.14752	3.08893
0.1476	3.36984
0.14768	2.7612
0.14776	1.82485
0.14784	0.654398
0.14792	-0.656503
0.148	-2.01422
0.14808	-2.76331
0.14816	-2.57604
0.14824	-1.07786
0.14832	1.07576
0.1484	2.85484
0.14848	3.32302
0.14856	2.24621
0.14864	-0.0478707
0.14872	-2.15468
0.1488	-2.66967
0.14888	-1.78013
0.14896	-0.235142
0.14904	0.794851
0.14912	1.02894
0.1492	0.654398
0.14928	0.37349
0.14936	0.233037
0.14944	0.279855
0.14952	-0.0010528
0.1496	-0.0946886
0.14968	0.0457651
0.14976	0.654398
0.14984	1.26303
0.14992	1.35667
0.15	1.26303
0.15008	0.935305
0.15016	0.420308
0.15024	0.326672
0.15032	0.37349
0.1504	0.701216
0.15048	1.07576
0.15056	1.35667
0.15064	1.12258
0.15072	0.467126
0.1508	-0.375596
0.15088	-0.984229
0.15096	-0.984229
0.15104	-0.375596
0.15112	0.420308
0.1512	1.30985
0.15128	1.77803
0.15136	1.21621
0.15144	-0.0010528
0.15152	-0.984229
0.1516	-0.890593
0.15168	0.982123
0.15176	3.46347
0.15184	4.77437
0.15192	3.41665
0.152	-0.141507
0.15208	-3.74648
0.15216	-4.87011
0.15224	-2.71649
0.15232	1.35667
0.1524	4.5871
0.15248	5.00846
0.15256	2.66757
0.15264	-0.703321
0.15272	-2.43558
0.1528	-1.59286
0.15288	0.935305
0.15296	3.51029
0.15304	4.49347
0.15312	3.83801
0.1532	2.19939
0.15328	0.513944
0.15336	-0.843775
0.15344	-1.26514
0.15352	-0.609686
0.1536	0.560762
0.15368	2.05893
0.15376	3.2762
0.15384	3.74438
0.15392	3.08893
0.154	1.40348
0.15408	-0.375596
0.15416	-1.82695
0.15424	-2.43558
0.15432	-2.43558
0.1544	-1.92059
0.15448	-0.937411
0.15456	0.748034
0.15464	2.66757
0.15472	4.16574
0.1548	4.11892
0.15488	2.15257
0.15496	-0.984229
0.15504	-3.74648
0.15512	-4.72966
0.1552	-3.32512
0.15528	-0.141507
0.15536	3.32302
0.15544	5.42982
0.15552	5.28937
0.1556	2.80802
0.15568	-0.796957
0.15576	-3.7933
0.15584	-4.35512
0.15592	-2.38877
0.156	0.701216
0.15608	2.90166
0.15616	3.41665
0.15624	2.29302
0.15632	0.935305
0.1564	0.37349
0.15648	0.420308
0.15656	0.092583
0.15664	-0.750139
0.15672	-1.63968
0.1568	-1.45241
0.15688	0.0457651
0.15696	2.15257
0.15704	3.46347
0.15712	3.2762
0.1572	1.26303
0.15728	-1.31195
0.15736	-2.81013
0.15744	-2.34195
0.15752	-0.328778
0.1576	2.43348
0.15768	4.16574
0.15776	4.0721
0.15784	2.10575
0.15792	-0.469232
0.158	-2.29513
0.15808	-2.38877
0.15816	-0.984229
0.15824	0.60758
0.15832	1.26303
0.1584	0.794851
0.15848	-0.188324
0.15856	-0.937411
0.15864	-0.937411
0.15872	-0.28196
0.1588	0.841669
0.15888	1.82485
0.15896	2.01212
0.15904	1.91848
0.15912	1.4503
0.1592	0.888487
0.15928	0.467126
0.15936	0.092583
0.15944	-0.28196
0.15952	-0.51605
0.1596	-0.609686
0.15968	-0.141507
0.15976	0.841669
0.15984	1.77803
0.15992	2.05893
0.16	1.40348
0.16008	0.513944
0.16016	-0.235142
0.16024	-0.0478707
0.16032	0.233037
0.1604	0.560762
0.16048	0.794851
0.16056	0.841669
0.16064	0.888487
0.16072	0.935305
0.1608	0.935305
0.16088	0.794851
0.16096	0.982123
0.16104	0.982123
0.16112	1.16939
0.1612	1.02894
0.16128	0.560762
0.16136	0.0457651
0.16144	-0.0478707
0.16152	0.701216
0.1616	1.73121
0.16168	2.52711
0.16176	2.71439
0.16184	2.4803
0.16192	1.91848
0.162	1.40348
0.16208	1.02894
0.16216	0.60758
0.16224	0.420308
0.16232	0.37349
0.1624	0.513944
0.16248	0.794851
0.16256	1.16939
0.16264	1.35667
0.16272	1.54394
0.1628	1.59076
0.16288	1.54394
0.16296	1.30985
0.16304	0.60758
0.16312	-0.141507
0.1632	-0.51605
0.16328	-0.0946886
0.16336	0.701216
0.16344	1.49712
0.16352	1.68439
0.1636	1.68439
0.16368	1.49712
0.16376	1.4503
0.16384	1.49712
0.16392	1.59076
0.164	1.54394
0.16408	1.12258
0.16416	0.560762
0.16424	-0.188324
0.16432	-0.843775
0.1644	-1.12468
0.16448	-0.843775
0.16456	-0.141507
0.16464	0.748034
0.16472	1.26303
0.1648	1.12258
0.16488	0.560762
0.16496	-0.141507
0.16504	-0.609686
0.16512	-0.843775
0.1652	-0.937411
0.16528	-0.328778
0.16536	0.560762
0.16544	1.63757
0.16552	2.33984
0.1656	2.05893
0.16568	1.02894
0.16576	-0.188324
0.16584	-0.796957
0.16592	-0.562868
0.166	0.233037
0.16608	0.982123
0.16616	1.54394
0.16624	1.49712
0.16632	1.02894
0.1664	0.560762
0.16648	0.233037
0.16656	0.233037
0.16664	0.420308
0.16672	0.60758
0.1668	0.748034
0.16688	0.60758
0.16696	0.37349
0.16704	0.0457651
0.16712	0.139401
0.1672	0.326672
0.16728	0.420308
0.16736	0.279855
0.16744	-0.0946886
0.16752	-0.51605
0.1676	-0.703321
0.16768	-0.656503
0.16776	-0.188324
0.16784	0.513944
0.16792	1.30985
0.168	1.73121
0.16808	1.87166
0.16816	1.54394
0.16824	1.02894
0.16832	0.701216
0.1684	0.326672
0.16848	0.420308
0.16856	0.560762
0.16864	0.748034
0.16872	0.794851
0.1688	0.841669
0.16888	1.02894
0.16896	1.02894
0.16904	1.07576
0.16912	1.12258
0.1692	0.794851
0.16928	0.654398
0.16936	0.37349
0.16944	0.420308
0.16952	0.467126
0.1696	0.888487
0.16968	1.30985
0.16976	1.49712
0.16984	1.26303
0.16992	0.701216
0.17	-0.0010528
0.17008	-0.562868
0.17016	-0.750139
0.17024	-0.375596
0.17032	0.0457651
0.1704	0.279855
0.17048	0.420308
0.17056	0.37349
0.17064	0.326672
0.17072	0.420308
0.1708	0.748034
0.17088	0.888487
0.17096	0.935305
0.17104	0.60758
0.17112	0.326672
0.1712	0.139401
0.17128	-0.0010528
0.17136	0.0457651
0.17144	0.0457651
0.17152	-0.0946886
0.1716	-0.188324
0.17168	-0.0946886
0.17176	0.279855
0.17184	0.748034
0.17192	0.935305
0.172	0.794851
0.17208	0.60758
0.17216	0.513944
0.17224	0.794851
0.17232	1.21621
0.1724	1.4503
0.17248	1.49712
0.17256	1.02894
0.17264	0.37349
0.17272	-0.0946886
0.1728	0.139401
0.17288	0.420308
0.17296	0.701216
0.17304	0.841669
0.17312	0.654398
0.1732	0.233037
0.17328	-0.0478707
0.17336	-0.0478707
0.17344	0.420308
0.17352	1.07576
0.1736	1.4503
0.17368	1.40348
0.17376	0.841669
0.17384	0.0457651
0.17392	-0.375596
0.174	-0.328778
0.17408	0.092583
0.17416	0.467126
0.17424	0.701216
0.17432	0.654398
0.1744	0.467126
0.17448	0.37349
0.17456	0.279855
0.17464	0.513944
0.17472	0.982123
0.1748	1.26303
0.17488	1.54394
0.17496	1.35667
0.17504	0.982123
0.17512	0.654398
0.1752	0.701216
0.17528	1.02894
0.17536	1.4503
0.17544	1.87166
0.17552	2.01212
0.1756	1.59076
0.17568	0.701216
0.17576	-0.328778
0.17584	-0.796957
0.17592	-0.609686
0.176	0.326672
0.17608	1.30985
0.17616	1.82485
0.17624	1.73121
0.17632	1.12258
0.1764	0.37349
0.17648	-0.28196
0.17656	-0.796957
0.17664	-1.1715
0.17672	-1.12468
0.1768	-0.703321
0.17688	0.186219
0.17696	0.982123
0.17704	1.68439
0.17712	1.77803
0.1772	1.12258
0.17728	0.0457651
0.17736	-1.21832
0.17744	-1.78013
0.17752	-1.31195
0.1776	0.092583
0.17768	1.68439
0.17776	2.33984
0.17784	1.68439
0.17792	-0.0010528
0.178	-1.87377
0.17808	-2.57604
0.17816	-2.10786
0.17824	-0.469232
0.17832	1.16939
0.1784	1.9653
0.17848	1.73121
0.17856	0.748034
0.17864	-0.562868
0.17872	-1.78013
0.1788	-2.29513
0.17888	-1.92059
0.17896	-0.703321
0.17904	1.21621
0.17912	2.80802
0.1792	3.65074
0.17928	3.13575
0.17936	1.35667
0.17944	-0.890593
0.17952	-2.81013
0.1796	-3.5124
0.17968	-2.76331
0.17976	-0.984229
0.17984	1.02894
0.17992	2.24621
0.18	2.4803
0.18008	1.63757
0.18016	0.467126
0.18024	-0.750139
0.18032	-1.31195
0.1804	-1.35877
0.18048	-0.750139
0.18056	0.139401
0.18064	1.12258
0.18072	1.30985
0.1808	0.935305
0.18088	0.092583
0.18096	-0.609686
0.18104	-0.937411
0.18112	-0.469232
0.1812	0.0457651
0.18128	0.513944
0.18136	0.37349
0.18144	-0.141507
0.18152	-0.609686
0.1816	-0.843775
0.18168	-0.703321
0.18176	-0.375596
0.18184	0.186219
0.18192	0.560762
0.182	0.794851
0.18208	0.748034
0.18216	0.279855
0.18224	-0.235142
0.18232	-0.937411
0.1824	-1.59286
0.18248	-1.87377
0.18256	-1.49923
0.18264	-0.51605
0.18272	0.935305
0.1828	2.01212
0.18288	2.38666
0.18296	1.59076
0.18304	0.139401
0.18312	-1.1715
0.1832	-1.63968
0.18328	-0.890593
0.18336	0.326672
0.18344	1.63757
0.18352	2.38666
0.1836	2.15257
0.18368	1.07576
0.18376	-0.469232
0.18384	-1.73332
0.18392	-2.15468
0.184	-1.49923
0.18408	-0.28196
0.18416	0.841669
0.18424	1.40348
0.18432	1.12258
0.1844	0.513944
0.18448	-0.188324
0.18456	-0.562868
0.18464	-0.609686
0.18472	-0.0946886
0.1848	0.982123
0.18488	2.10575
0.18496	2.71439
0.18504	2.15257
0.18512	0.560762
0.1852	-1.40559
0.18528	-2.81013
0.18536	-2.85694
0.18544	-1.45241
0.18552	0.701216
0.1856	2.52711
0.18568	3.04211
0.18576	2.15257
0.18584	0.467126
0.18592	-1.1715
0.186	-2.06104
0.18608	-1.92059
0.18616	-0.843775
0.18624	0.841669
0.18632	2.52711
0.1864	3.69756
0.18648	3.7912
0.18656	2.52711
0.18664	0.467126
0.18672	-1.87377
0.1868	-3.37194
0.18688	-3.65285
0.18696	-2.57604
0.18704	-0.703321
0.18712	1.16939
0.1872	2.52711
0.18728	2.90166
0.18736	2.15257
0.18744	1.02894
0.18752	-0.0946886
0.1876	-0.703321
0.18768	-0.609686
0.18776	-0.28196
0.18784	0.420308
0.18792	0.841669
0.188	1.02894
0.18808	0.888487
0.18816	0.37349
0.18824	-0.141507
0.18832	-0.656503
0.1884	-1.07786
0.18848	-1.26514
0.18856	-0.984229
0.18864	-0.469232
0.18872	0.513944
0.1888	1.30985
0.18888	1.77803
0.18896	1.68439
0.18904	1.16939
0.18912	0.186219
0.1892	-0.562868
0.18928	-0.843775
0.18936	-0.422414
0.18944	0.654398
0.18952	1.49712
0.1896	1.87166
0.18968	1.49712
0.18976	0.279855
0.18984	-1.26514
0.18992	-2.52922
0.19	-2.90376
0.19008	-2.20149
0.19016	-0.51605
0.19024	1.63757
0.19032	3.04211
0.1904	3.36984
0.19048	2.52711
0.19056	0.935305
0.19064	-0.562868
0.19072	-1.26514
0.1908	-0.937411
0.19088	0.233037
0.19096	1.73121
0.19104	2.85484
0.19112	2.7612
0.1912	1.68439
0.19128	-0.28196
0.19136	-2.15468
0.19144	-3.27831
0.19152	-3.13785
0.1916	-1.63968
0.19168	0.467126
0.19176	2.38666
0.19184	3.41665
0.19192	3.04211
0.192	1.73121
0.19208	0.092583
0.19216	-1.12468
0.19224	-1.63968
0.19232	-1.12468
0.1924	-0.141507
0.19248	0.982123
0.19256	1.49712
0.19264	1.35667
0.19272	0.935305
0.1928	0.326672
0.19288	-0.28196
0.19296	-0.703321
0.19304	-0.750139
0.19312	-0.51605
0.1932	-0.0478707
0.19328	0.701216
0.19336	1.49712
0.19344	2.01212
0.19352	2.01212
0.1936	1.40348
0.19368	0.513944
0.19376	-0.188324
0.19384	-0.422414
0.19392	-0.0946886
0.194	0.467126
0.19408	1.02894
0.19416	1.07576
0.19424	0.701216
0.19432	0.092583
0.1944	-0.375596
0.19448	-0.703321
0.19456	-0.609686
0.19464	-0.51605
0.19472	-0.188324
0.1948	0.139401
0.19488	0.513944
0.19496	0.935305
0.19504	1.07576
0.19512	1.07576
0.1952	0.748034
0.19528	0.513944
0.19536	0.420308
0.19544	0.420308
0.19552	0.513944
0.1956	0.37349
0.19568	0.0457651
0.19576	-0.469232
0.19584	-0.937411
0.19592	-0.984229
0.196	-0.51605
0.19608	0.326672
0.19616	1.21621
0.19624	1.49712
0.19632	1.12258
0.1964	0.326672
0.19648	-0.469232
0.19656	-0.843775
0.19664	-0.609686
0.19672	0.186219
0.1968	1.16939
0.19688	1.9653
0.19696	1.87166
0.19704	0.935305
0.19712	-0.562868
0.1972	-2.01422
0.19728	-2.90376
0.19736	-2.62286
0.19744	-1.6865
0.19752	-0.0010528
0.1976	1.35667
0.19768	2.15257
0.19776	2.01212
0.19784	1.07576
0.19792	-0.0946886
0.198	-0.937411
0.19808	-1.35877
0.19816	-0.890593
0.19824	0.092583
0.19832	1.16939
0.1984	1.91848
0.19848	2.05893
0.19856	1.4503
0.19864	0.467126
0.19872	-0.656503
0.1988	-1.31195
0.19888	-1.78013
0.19896	-1.49923
0.19904	-0.656503
0.19912	0.186219
0.1992	0.841669
0.19928	1.02894
0.19936	0.701216
0.19944	0.233037
0.19952	-0.141507
0.1996	-0.235142
0.19968	-0.141507
0.19976	0.139401
0.19984	0.420308
0.19992	0.326672
0.2	0.279855
0.20008	-0.0010528
0.20016	-0.188324
0.20024	-0.422414
0.20032	-0.796957
0.2004	-1.21832
0.20048	-1.12468
0.20056	-0.750139
0.20064	-0.28196
0.20072	-0.0010528
0.2008	0.0457651
0.20088	-0.141507
0.20096	-0.28196
0.20104	-0.188324
0.20112	0.279855
0.2012	0.841669
0.20128	1.21621
0.20136	0.935305
0.20144	0.233037
0.20152	-0.656503
0.2016	-1.26514
0.20168	-1.12468
0.20176	-0.562868
0.20184	0.233037
0.20192	0.560762
0.202	0.326672
0.20208	-0.188324
0.20216	-0.703321
0.20224	-0.750139
0.20232	-0.51605
0.2024	-0.141507
0.20248	0.233037
0.20256	0.37349
0.20264	0.37349
0.20272	0.326672
0.2028	0.279855
0.20288	-0.141507
0.20296	-0.609686
0.20304	-1.21832
0.20312	-1.63968
0.2032	-1.78013
0.20328	-1.40559
0.20336	-0.51605
0.20344	0.326672
0.20352	0.513944
0.2036	0.326672
0.20368	-0.28196
0.20376	-0.750139
0.20384	-0.843775
0.20392	-0.51605
0.204	0.092583
0.20408	0.513944
0.20416	0.513944
0.20424	0.420308
0.20432	-0.0946886
0.2044	-0.469232
0.20448	-0.656503
0.20456	-0.562868
0.20464	-0.51605
0.20472	-0.422414
0.2048	-0.328778
0.20488	-0.328778
0.20496	-0.328778
0.20504	-0.51605
0.20512	-0.703321
0.2052	-0.750139
0.20528	-0.609686
0.20536	-0.51605
0.20544	-0.28196
0.20552	-0.0478707
0.2056	0.139401
0.20568	0.513944
0.20576	0.60758
0.20584	0.513944
0.20592	0.092583
0.206	-0.328778
0.20608	-0.562868
0.20616	-0.375596
0.20624	0.186219
0.20632	0.560762
0.2064	0.467126
0.20648	-0.0946886
0.20656	-0.750139
0.20664	-1.12468
0.20672	-0.937411
0.2068	-0.328778
0.20688	0.420308
0.20696	1.02894
0.20704	1.26303
0.20712	0.982123
0.2072	0.467126
0.20728	-0.235142
0.20736	-0.562868
0.20744	-0.609686
0.20752	-0.51605
0.2076	-0.469232
0.20768	-0.51605
0.20776	-0.609686
0.20784	-0.562868
0.20792	-0.235142
0.208	0.233037
0.20808	0.186219
0.20816	-0.0946886
0.20824	-0.422414
0.20832	-0.375596
0.2084	0.279855
0.20848	1.02894
0.20856	1.49712
0.20864	1.16939
0.20872	0.37349
0.2088	-0.51605
0.20888	-1.1715
0.20896	-1.49923
0.20904	-1.35877
0.20912	-0.937411
0.2092	-0.28196
0.20928	0.467126
0.20936	0.935305
0.20944	0.794851
0.20952	0.60758
0.2096	0.092583
0.20968	-0.51605
0.20976	-0.656503
0.20984	-0.750139
0.20992	-0.141507
0.21	0.560762
0.21008	1.16939
0.21016	1.40348
0.21024	0.935305
0.21032	-0.0946886
0.2104	-0.890593
0.21048	-1.07786
0.21056	-0.469232
0.21064	0.37349
0.21072	0.888487
0.2108	0.654398
0.21088	-0.235142
0.21096	-1.07786
0.21104	-1.35877
0.21112	-0.937411
0.2112	0.092583
0.21128	1.07576
0.21136	1.49712
0.21144	1.26303
0.21152	0.326672
0.2116	-0.235142
0.21168	-0.375596
0.21176	-0.235142
0.21184	0.139401
0.21192	0.420308
0.212	0.467126
0.21208	0.37349
0.21216	0.092583
0.21224	-0.235142
0.21232	-0.562868
0.2124	-0.890593
0.21248	-0.750139
0.21256	-0.51605
0.21264	0.092583
0.21272	0.701216
0.2128	1.21621
0.21288	1.26303
0.21296	1.02894
0.21304	0.467126
0.21312	-0.141507
0.2132	-0.422414
0.21328	-0.375596
0.21336	-0.0478707
0.21344	0.420308
0.21352	0.560762
0.2136	0.467126
0.21368	0.092583
0.21376	-0.328778
0.21384	-0.656503
0.21392	-0.796957
0.214	-0.796957
0.21408	-0.469232
0.21416	-0.0946886
0.21424	0.420308
0.21432	0.794851
0.2144	0.982123
0.21448	1.02894
0.21456	0.888487
0.21464	0.60758
0.21472	0.233037
0.2148	-0.0946886
0.21488	-0.28196
0.21496	-0.0946886
0.21504	-0.0478707
0.21512	0.233037
0.2152	0.37349
0.21528	0.326672
0.21536	-0.0478707
0.21544	-0.562868
0.21552	-0.890593
0.2156	-0.796957
0.21568	-0.328778
0.21576	0.37349
0.21584	0.748034
0.21592	0.841669
0.216	0.420308
0.21608	-0.28196
0.21616	-0.656503
0.21624	-0.843775
0.21632	-0.656503
0.2164	-0.422414
0.21648	0.139401
0.21656	0.279855
0.21664	0.139401
0.21672	0.186219
0.2168	0.37349
0.21688	0.233037
0.21696	0.420308
0.21704	0.467126
0.21712	0.467126
0.2172	0.37349
0.21728	0.326672
0.21736	0.233037
0.21744	0.0457651
0.21752	0.0457651
0.2176	0.092583
0.21768	0.279855
0.21776	0.60758
0.21784	0.841669
0.21792	0.794851
0.218	0.513944
0.21808	-0.188324
0.21816	-0.750139
0.21824	-1.26514
0.21832	-1.26514
0.2184	-1.07786
0.21848	-0.422414
0.21856	0.233037
0.21864	0.748034
0.21872	1.02894
0.2188	0.935305
0.21888	0.748034
0.21896	0.326672
0.21904	-0.141507
0.21912	-0.188324
0.2192	-0.188324
0.21928	0.279855
0.21936	0.513944
0.21944	0.701216
0.21952	0.560762
0.2196	0.186219
0.21968	-0.0478707
0.21976	-0.188324
0.21984	0.0457651
0.21992	0.420308
0.22	0.841669
0.22008	1.12258
0.22016	1.12258
0.22024	0.748034
0.22032	0.233037
0.2204	-0.235142
0.22048	-0.703321
0.22056	-0.656503
0.22064	-0.28196
0.22072	0.139401
0.2208	0.467126
0.22088	0.513944
0.22096	0.467126
0.22104	0.139401
0.22112	-0.0478707
0.2212	-0.188324
0.22128	-0.0478707
0.22136	0.233037
0.22144	0.420308
0.22152	0.467126
0.2216	0.37349
0.22168	0.326672
0.22176	0.513944
0.22184	0.748034
0.22192	0.935305
0.222	0.982123
0.22208	0.841669
0.22216	0.748034
0.22224	0.701216
0.22232	0.701216
0.2224	0.701216
0.22248	0.467126
0.22256	0.233037
0.22264	0.092583
0.22272	0.37349
0.2228	0.701216
0.22288	1.02894
0.22296	1.16939
0.22304	0.841669
0.22312	0.37349
0.2232	-0.188324
0.22328	-0.562868
0.22336	-0.562868
0.22344	-0.28196
0.22352	0.37349
0.2236	0.841669
0.22368	0.982123
0.22376	0.748034
0.22384	-0.0478707
0.22392	-0.796957
0.224	-0.937411
0.22408	-0.843775
0.22416	-0.188324
0.22424	0.654398
0.22432	1.26303
0.2244	1.49712
0.22448	1.35667
0.22456	0.794851
0.22464	0.092583
0.22472	-0.51605
0.2248	-0.890593
0.22488	-0.562868
0.22496	-0.0478707
0.22504	0.748034
0.22512	1.26303
0.2252	1.35667
0.22528	0.935305
0.22536	0.560762
0.22544	0.139401
0.22552	-0.0946886
0.2256	-0.0478707
0.22568	-0.0478707
0.22576	-0.0010528
0.22584	0.092583
0.22592	0.233037
0.226	0.560762
0.22608	0.794851
0.22616	0.982123
0.22624	0.888487
0.22632	0.60758
0.2264	0.37349
0.22648	0.186219
0.22656	-0.0010528
0.22664	0.0457651
0.22672	0.186219
0.2268	0.467126
0.22688	0.748034
0.22696	0.60758
0.22704	0.467126
0.22712	0.186219
0.2272	0.092583
0.22728	0.233037
0.22736	0.60758
0.22744	1.07576
0.22752	1.30985
0.2276	1.12258
0.22768	0.701216
0.22776	0.186219
0.22784	-0.235142
0.22792	-0.422414
0.228	-0.235142
0.22808	0.139401
0.22816	0.654398
0.22824	0.841669
0.22832	0.794851
0.2284	0.654398
0.22848	0.467126
0.22856	0.467126
0.22864	0.513944
0.22872	0.654398
0.2288	0.654398
0.22888	0.37349
0.22896	-0.0010528
0.22904	-0.328778
0.22912	-0.469232
0.2292	-0.328778
0.22928	0.139401
0.22936	0.701216
0.22944	1.07576
0.22952	1.26303
0.2296	0.935305
0.22968	0.37349
0.22976	-0.0946886
0.22984	-0.328778
0.22992	-0.188324
0.23	0.139401
0.23008	0.467126
0.23016	0.654398
0.23024	0.60758
0.23032	0.513944
0.2304	0.420308
0.23048	0.233037
0.23056	0.186219
0.23064	0.326672
0.23072	0.60758
0.2308	0.701216
0.23088	0.654398
0.23096	0.233037
0.23104	-0.141507
0.23112	-0.375596
0.2312	-0.375596
0.23128	-0.141507
0.23136	0.233037
0.23144	0.467126
0.23152	0.701216
0.2316	0.794851
0.23168	0.888487
0.23176	0.794851
0.23184	0.560762
0.23192	0.279855
0.232	-0.0946886
0.23208	-0.188324
0.23216	-0.0946886
0.23224	0.326672
0.23232	0.60758
0.2324	0.888487
0.23248	0.794851
0.23256	0.60758
0.23264	0.279855
0.23272	0.139401
0.2328	0.186219
0.23288	0.279855
0.23296	0.420308
0.23304	0.560762
0.23312	0.420308
0.2332	0.326672
0.23328	0.279855
0.23336	0.420308
0.23344	0.701216
0.23352	0.654398
0.2336	0.654398
0.23368	0.560762
0.23376	0.467126
0.23384	0.233037
0.23392	0.092583
0.234	0.092583
0.23408	0.233037
0.23416	0.326672
0.23424	0.37349
0.23432	0.0457651
0.2344	-0.141507
0.23448	-0.28196
0.23456	-0.28196
0.23464	-0.0946886
0.23472	0.186219
0.2348	0.467126
0.23488	0.748034
0.23496	1.12258
0.23504	1.02894
0.23512	0.748034
0.2352	0.467126
0.23528	0.233037
0.23536	0.139401
0.23544	0.279855
0.23552	0.420308
0.2356	0.513944
0.23568	0.37349
0.23576	0.233037
0.23584	0.186219
0.23592	0.186219
0.236	0.233037
0.23608	0.092583
0.23616	-0.0946886
0.23624	-0.28196
0.23632	-0.469232
0.2364	-0.375596
0.23648	-0.0946886
0.23656	0.326672
0.23664	0.654398
0.23672	1.02894
0.2368	0.935305
0.23688	0.701216
0.23696	0.279855
0.23704	-0.0946886
0.23712	-0.235142
0.2372	-0.188324
0.23728	0.0457651
0.23736	0.279855
0.23744	0.513944
0.23752	0.654398
0.2376	0.60758
0.23768	0.513944
0.23776	0.37349
0.23784	0.420308
0.23792	0.467126
0.238	0.513944
0.23808	0.467126
0.23816	0.37349
0.23824	0.139401
0.23832	-0.0478707
0.2384	-0.28196
0.23848	-0.375596
0.23856	-0.375596
0.23864	-0.28196
0.23872	-0.0478707
0.2388	0.186219
0.23888	0.186219
0.23896	0.279855
0.23904	0.186219
0.23912	0.233037
0.2392	0.233037
0.23928	0.279855
0.23936	0.186219
0.23944	0.092583
0.23952	0.279855
0.2396	0.420308
0.23968	0.60758
0.23976	0.748034
0.23984	0.748034
0.23992	0.560762
0.24	0.139401
0.24008	-0.0946886
0.24016	-0.141507
0.24024	-0.0010528
0.24032	0.092583
0.2404	0.139401
0.24048	0.0457651
0.24056	-0.188324
0.24064	-0.28196
0.24072	-0.328778
0.2408	-0.141507
0.24088	0.186219
0.24096	0.654398
0.24104	0.841669
0.24112	1.07576
0.2412	0.935305
0.24128	0.420308
0.24136	0.092583
0.24144	-0.375596
0.24152	-0.51605
0.2416	-0.328778
0.24168	-0.0478707
0.24176	0.326672
0.24184	0.560762
0.24192	0.560762
0.242	0.513944
0.24208	0.186219
0.24216	-0.188324
0.24224	-0.375596
0.24232	-0.609686
0.2424	-0.656503
0.24248	-0.375596
0.24256	0.0457651
0.24264	0.513944
0.24272	0.794851
0.2428	0.888487
0.24288	0.748034
0.24296	0.560762
0.24304	0.233037
0.24312	-0.141507
0.2432	-0.51605
0.24328	-0.609686
0.24336	-0.422414
0.24344	0.233037
0.24352	0.935305
0.2436	1.26303
0.24368	1.30985
0.24376	0.748034
0.24384	0.0457651
0.24392	-0.703321
0.244	-0.750139
0.24408	-0.375596
0.24416	0.233037
0.24424	0.982123
0.24432	1.40348
0.2444	1.40348
0.24448	1.02894
0.24456	0.37349
0.24464	-0.235142
0.24472	-0.750139
0.2448	-0.843775
0.24488	-0.609686
0.24496	-0.0946886
0.24504	0.560762
0.24512	0.935305
0.2452	1.26303
0.24528	1.12258
0.24536	0.701216
0.24544	0.0457651
0.24552	-0.422414
0.2456	-0.422414
0.24568	0.0457651
0.24576	0.654398
0.24584	0.935305
0.24592	0.982123
0.246	0.701216
0.24608	0.37349
0.24616	0.139401
0.24624	0.0457651
0.24632	-0.188324
0.2464	-0.328778
0.24648	-0.422414
0.24656	-0.375596
0.24664	-0.0946886
0.24672	0.37349
0.2468	0.935305
0.24688	1.30985
0.24696	1.26303
0.24704	0.841669
0.24712	0.37349
0.2472	0.092583
0.24728	0.0457651
0.24736	0.233037
0.24744	0.37349
0.24752	0.513944
0.2476	0.420308
0.24768	0.326672
0.24776	0.139401
0.24784	-0.0946886
0.24792	-0.235142
0.248	-0.375596
0.24808	-0.0946886
0.24816	0.092583
0.24824	0.420308
0.24832	0.654398
0.2484	0.701216
0.24848	0.654398
0.24856	0.37349
0.24864	0.092583
0.24872	-0.235142
0.2488	-0.28196
0.24888	0.0457651
0.24896	0.279855
0.24904	0.60758
0.24912	0.326672
0.2492	-0.375596
0.24928	-1.07786
0.24936	-1.31195
0.24944	-0.843775
0.24952	0.139401
0.2496	1.07576
0.24968	1.40348
0.24976	0.888487
0.24984	-0.188324
0.24992	-0.937411
0.25	-1.1715
0.25008	-0.562868
0.25016	0.279855
0.25024	0.982123
0.25032	1.12258
0.2504	0.748034
0.25048	-0.141507
0.25056	-0.984229
0.25064	-1.35877
0.25072	-1.26514
0.2508	-0.562868
0.25088	0.513944
0.25096	1.26303
0.25104	1.68439
0.25112	1.21621
0.2512	0.37349
0.25128	-0.51605
0.25136	-0.843775
0.25144	-0.796957
0.25152	-0.328778
0.2516	0.513944
0.25168	0.982123
0.25176	0.841669
0.25184	0.513944
0.25192	0.0457651
0.252	-0.188324
0.25208	-0.0010528
0.25216	0.279855
0.25224	0.701216
0.25232	0.841669
0.2524	0.60758
0.25248	-0.0478707
0.25256	-0.890593
0.25264	-1.31195
0.25272	-1.12468
0.2528	-0.235142
0.25288	0.935305
0.25296	1.77803
0.25304	1.91848
0.25312	1.07576
0.2532	-0.188324
0.25328	-1.21832
0.25336	-1.78013
0.25344	-1.54604
0.25352	-0.843775
0.2536	-0.188324
0.25368	0.279855
0.25376	0.467126
0.25384	0.560762
0.25392	0.560762
0.254	0.513944
0.25408	0.467126
0.25416	0.560762
0.25424	0.748034
0.25432	0.654398
0.2544	0.467126
0.25448	0.279855
0.25456	0.092583
0.25464	-0.0478707
0.25472	0.0457651
0.2548	0.0457651
0.25488	0.139401
0.25496	0.186219
0.25504	0.186219
0.25512	0.326672
0.2552	0.37349
0.25528	0.37349
0.25536	0.467126
0.25544	0.560762
0.25552	0.560762
0.2556	0.420308
0.25568	0.279855
0.25576	-0.0478707
0.25584	-0.235142
0.25592	-0.0010528
0.256	0.60758
0.25608	1.21621
0.25616	1.49712
0.25624	1.35667
0.25632	0.748034
0.2564	-0.0010528
0.25648	-0.843775
0.25656	-1.45241
0.25664	-1.49923
0.25672	-0.937411
0.2568	0.279855
0.25688	1.63757
0.25696	2.57393
0.25704	2.85484
0.25712	2.24621
0.2572	1.07576
0.25728	0.139401
0.25736	-0.469232
0.25744	-0.469232
0.25752	-0.328778
0.2576	-0.0478707
0.25768	0.326672
0.25776	0.748034
0.25784	0.654398
0.25792	0.279855
0.258	-0.235142
0.25808	-0.562868
0.25816	-0.235142
0.25824	0.560762
0.25832	1.4503
0.2584	1.91848
0.25848	1.82485
0.25856	1.26303
0.25864	0.560762
0.25872	-0.0478707
0.2588	-0.562868
0.25888	-0.703321
0.25896	-0.375596
0.25904	0.420308
0.25912	1.30985
0.2592	1.87166
0.25928	1.91848
0.25936	1.26303
0.25944	0.326672
0.25952	-0.750139
0.2596	-1.21832
0.25968	-1.21832
0.25976	-0.796957
0.25984	0.092583
0.25992	1.12258
0.26	2.05893
0.26008	2.57393
0.26016	2.57393
0.26024	1.82485
0.26032	0.701216
0.2604	-0.28196
0.26048	-0.703321
0.26056	-0.562868
0.26064	0.186219
0.26072	1.02894
0.2608	1.21621
0.26088	0.654398
0.26096	-0.28196
0.26104	-1.03105
0.26112	-1.35877
0.2612	-0.984229
0.26128	-0.328778
0.26136	0.326672
0.26144	0.982123
0.26152	1.68439
0.2616	2.33984
0.26168	2.7612
0.26176	2.52711
0.26184	1.26303
0.26192	-0.562868
0.262	-2.10786
0.26208	-2.4824
0.26216	-1.6865
0.26224	-0.188324
0.26232	1.26303
0.2624	1.82485
0.26248	1.49712
0.26256	0.326672
0.26264	-0.890593
0.26272	-1.63968
0.2628	-1.40559
0.26288	-0.188324
0.26296	1.21621
0.26304	2.15257
0.26312	2.38666
0.2632	2.01212
0.26328	1.40348
0.26336	0.982123
0.26344	0.748034
0.26352	0.560762
0.2636	0.139401
0.26368	-0.609686
0.26376	-0.984229
0.26384	-1.03105
0.26392	-0.328778
0.264	0.420308
0.26408	0.935305
0.26416	0.841669
0.26424	0.420308
0.26432	-0.141507
0.2644	-0.51605
0.26448	-0.188324
0.26456	0.467126
0.26464	1.30985
0.26472	1.9653
0.2648	2.24621
0.26488	1.82485
0.26496	0.982123
0.26504	-0.328778
0.26512	-1.40559
0.2652	-1.78013
0.26528	-1.12468
0.26536	-0.0478707
0.26544	1.21621
0.26552	2.15257
0.2656	2.29302
0.26568	1.54394
0.26576	0.420308
0.26584	-0.656503
0.26592	-0.984229
0.266	-0.750139
0.26608	0.186219
0.26616	1.16939
0.26624	1.68439
0.26632	1.35667
0.2664	0.467126
0.26648	-0.562868
0.26656	-1.03105
0.26664	-0.609686
0.26672	0.701216
0.2668	1.73121
0.26688	1.91848
0.26696	1.12258
0.26704	0.186219
0.26712	-0.703321
0.2672	-0.984229
0.26728	-0.469232
0.26736	0.701216
0.26744	1.73121
0.26752	2.29302
0.2676	2.19939
0.26768	1.54394
0.26776	0.654398
0.26784	-0.0010528
0.26792	-0.0946886
0.268	0.186219
0.26808	0.654398
0.26816	0.888487
0.26824	0.513944
0.26832	-0.28196
0.2684	-1.03105
0.26848	-1.03105
0.26856	-0.0946886
0.26864	1.21621
0.26872	2.10575
0.2688	2.24621
0.26888	1.49712
0.26896	0.467126
0.26904	-0.188324
0.26912	-0.375596
0.2692	-0.188324
0.26928	-0.0478707
0.26936	-0.0478707
0.26944	-0.28196
0.26952	-0.28196
0.2696	0.139401
0.26968	0.748034
0.26976	1.12258
0.26984	0.982123
0.26992	0.467126
0.27	-0.0946886
0.27008	-0.0946886
0.27016	0.60758
0.27024	1.40348
0.27032	2.01212
0.2704	1.91848
0.27048	1.02894
0.27056	-0.0946886
0.27064	-0.937411
0.27072	-1.03105
0.2708	-0.28196
0.27088	0.701216
0.27096	1.59076
0.27104	2.10575
0.27112	2.01212
0.2712	1.26303
0.27128	-0.0946886
0.27136	-1.35877
0.27144	-2.15468
0.27152	-2.01422
0.2716	-1.03105
0.27168	0.420308
0.27176	1.73121
0.27184	2.10575
0.27192	1.63757
0.272	0.560762
0.27208	-0.609686
0.27216	-1.45241
0.27224	-1.63968
0.27232	-0.984229
0.2724	0.37349
0.27248	1.59076
0.27256	2.4803
0.27264	2.33984
0.27272	1.63757
0.2728	0.654398
0.27288	-0.235142
0.27296	-0.469232
0.27304	-0.141507
0.27312	0.654398
0.2732	1.21621
0.27328	1.59076
0.27336	1.21621
0.27344	0.420308
0.27352	-0.609686
0.2736	-1.35877
0.27368	-1.45241
0.27376	-0.796957
0.27384	0.186219
0.27392	1.07576
0.274	1.63757
0.27408	1.87166
0.27416	1.77803
0.27424	1.59076
0.27432	1.02894
0.2744	0.37349
0.27448	-0.51605
0.27456	-1.21832
0.27464	-1.45241
0.27472	-1.03105
0.2748	0.233037
0.27488	1.4503
0.27496	2.15257
0.27504	2.10575
0.27512	1.07576
0.2752	-0.0946886
0.27528	-1.1715
0.27536	-1.49923
0.27544	-1.12468
0.27552	-0.375596
0.2756	0.420308
0.27568	1.02894
0.27576	1.35667
0.27584	1.16939
0.27592	0.701216
0.276	0.233037
0.27608	-0.0010528
0.27616	-0.188324
0.27624	-0.0478707
0.27632	-0.0946886
0.2764	0.0457651
0.27648	0.186219
0.27656	0.467126
0.27664	0.420308
0.27672	0.279855
0.2768	-0.0946886
0.27688	-0.375596
0.27696	-0.469232
0.27704	-0.28196
0.27712	-0.0010528
0.2772	0.37349
0.27728	0.654398
0.27736	0.794851
0.27744	0.841669
0.27752	0.326672
0.2776	-0.0478707
0.27768	-0.422414
0.27776	-0.422414
0.27784	-0.235142
0.27792	0.139401
0.278	0.467126
0.27808	0.748034
0.27816	0.60758
0.27824	0.326672
0.27832	-0.0010528
0.2784	-0.375596
0.27848	-0.609686
0.27856	-0.51605
0.27864	-0.235142
0.27872	0.37349
0.2788	0.888487
0.27888	1.12258
0.27896	1.07576
0.27904	0.841669
0.27912	0.60758
0.2792	0.560762
0.27928	0.654398
0.27936	0.513944
0.27944	0.37349
0.27952	0.279855
0.2796	0.139401
0.27968	0.139401
0.27976	0.0457651
0.27984	-0.141507
0.27992	-0.188324
0.28	-0.0478707
0.28008	0.233037
0.28016	0.560762
0.28024	0.748034
0.28032	0.60758
0.2804	0.420308
0.28048	0.279855
0.28056	0.186219
0.28064	0.420308
0.28072	0.560762
0.2808	0.513944
0.28088	0.233037
0.28096	-0.0010528
0.28104	-0.0946886
0.28112	0.186219
0.2812	0.701216
0.28128	1.26303
0.28136	1.49712
0.28144	1.21621
0.28152	0.60758
0.2816	-0.422414
0.28168	-0.984229
0.28176	-1.12468
0.28184	-0.703321
0.28192	0.139401
0.282	0.841669
0.28208	1.26303
0.28216	1.26303
0.28224	0.935305
0.28232	0.513944
0.2824	0.186219
0.28248	-0.28196
0.28256	-0.51605
0.28264	-0.750139
0.28272	-0.656503
0.2828	-0.422414
0.28288	-0.0946886
0.28296	0.186219
0.28304	0.279855
0.28312	0.467126
0.2832	0.654398
0.28328	1.02894
0.28336	1.07576
0.28344	0.982123
0.28352	0.701216
0.2836	0.513944
0.28368	0.326672
0.28376	0.37349
0.28384	0.420308
0.28392	0.654398
0.284	0.560762
0.28408	0.139401
0.28416	-0.328778
0.28424	-0.796957
0.28432	-0.937411
0.2844	-0.703321
0.28448	-0.235142
0.28456	0.233037
0.28464	0.513944
0.28472	0.60758
0.2848	0.467126
0.28488	0.420308
0.28496	0.420308
0.28504	0.279855
0.28512	0.326672
0.2852	0.186219
0.28528	0.186219
0.28536	0.279855
0.28544	0.37349
0.28552	0.513944
0.2856	0.513944
0.28568	0.60758
0.28576	0.513944
0.28584	0.233037
0.28592	-0.188324
0.286	-0.656503
0.28608	-0.796957
0.28616	-0.750139
0.28624	-0.328778
0.28632	0.279855
0.2864	0.841669
0.28648	1.16939
0.28656	1.26303
0.28664	0.982123
0.28672	0.467126
0.2868	0.139401
0.28688	-0.375596
0.28696	-0.469232
0.28704	-0.28196
0.28712	0.092583
0.2872	0.420308
0.28728	0.560762
0.28736	0.560762
0.28744	0.279855
0.28752	-0.0478707
0.2876	-0.469232
0.28768	-0.703321
0.28776	-0.843775
0.28784	-0.609686
0.28792	-0.141507
0.288	0.37349
0.28808	0.888487
0.28816	1.07576
0.28824	0.841669
0.28832	0.37349
0.2884	-0.235142
0.28848	-0.703321
0.28856	-0.656503
0.28864	-0.375596
0.28872	0.186219
0.2888	0.654398
0.28888	0.701216
0.28896	0.326672
0.28904	-0.328778
0.28912	-0.984229
0.2892	-1.07786
0.28928	-0.937411
0.28936	-0.375596
0.28944	0.420308
0.28952	0.982123
0.2896	1.35667
0.28968	1.35667
0.28976	1.16939
0.28984	0.794851
0.28992	0.326672
0.29	0.139401
0.29008	-0.0010528
0.29016	0.139401
0.29024	0.467126
0.29032	0.60758
0.2904	0.654398
0.29048	0.420308
0.29056	-0.0010528
0.29064	-0.422414
0.29072	-0.562868
0.2908	-0.469232
0.29088	-0.141507
0.29096	0.0457651
0.29104	0.513944
0.29112	0.748034
0.2912	0.982123
0.29128	0.982123
0.29136	0.841669
0.29144	0.560762
0.29152	0.186219
0.2916	-0.328778
0.29168	-0.51605
0.29176	-0.469232
0.29184	-0.141507
0.29192	0.467126
0.292	1.07576
0.29208	1.40348
0.29216	1.16939
0.29224	0.37349
0.29232	-0.51605
0.2924	-0.890593
0.29248	-0.656503
0.29256	0.092583
0.29264	0.841669
0.29272	1.26303
0.2928	1.12258
0.29288	0.513944
0.29296	-0.235142
0.29304	-0.843775
0.29312	-1.07786
0.2932	-0.937411
0.29328	-0.562868
0.29336	-0.0946886
0.29344	0.279855
0.29352	0.37349
0.2936	0.0457651
0.29368	-0.375596
0.29376	-0.469232
0.29384	-0.328778
0.29392	0.139401
0.294	0.513944
0.29408	0.888487
0.29416	1.16939
0.29424	1.02894
0.29432	0.841669
0.2944	0.513944
0.29448	0.092583
0.29456	-0.328778
0.29464	-0.562868
0.29472	-0.703321
0.2948	-0.469232
0.29488	-0.0946886
0.29496	0.420308
0.29504	0.748034
0.29512	0.982123
0.2952	0.794851
0.29528	0.37349
0.29536	-0.0478707
0.29544	-0.51605
0.29552	-0.656503
0.2956	-0.51605
0.29568	-0.0478707
0.29576	0.467126
0.29584	0.935305
0.29592	1.12258
0.296	0.888487
0.29608	0.233037
0.29616	-0.328778
0.29624	-0.750139
0.29632	-0.890593
0.2964	-0.51605
0.29648	0.233037
0.29656	0.888487
0.29664	1.35667
0.29672	1.26303
0.2968	0.654398
0.29688	-0.0946886
0.29696	-0.750139
0.29704	-1.03105
0.29712	-0.750139
0.2972	-0.141507
0.29728	0.60758
0.29736	1.12258
0.29744	1.4503
0.29752	1.12258
0.2976	0.467126
0.29768	-0.469232
0.29776	-1.1715
0.29784	-1.6865
0.29792	-1.63968
0.298	-0.937411
0.29808	-0.141507
0.29816	0.794851
0.29824	1.40348
0.29832	1.59076
0.2984	1.16939
0.29848	0.560762
0.29856	-0.0946886
0.29864	-0.609686
0.29872	-0.750139
0.2988	-0.28196
0.29888	0.467126
0.29896	1.16939
0.29904	1.40348
0.29912	1.40348
0.2992	0.982123
0.29928	0.279855
0.29936	-0.469232
0.29944	-0.890593
0.29952	-0.984229
0.2996	-0.796957
0.29968	-0.0946886
0.29976	0.560762
0.29984	1.02894
0.29992	1.12258
0.3	0.982123
0.30008	0.560762
0.30016	-0.0478707
0.30024	-0.328778
0.30032	-0.188324
0.3004	0.0457651
0.30048	0.37349
0.30056	0.701216
0.30064	0.982123
0.30072	0.794851
0.3008	0.326672
0.30088	-0.188324
0.30096	-0.703321
0.30104	-0.984229
0.30112	-0.890593
0.3012	-0.562868
0.30128	0.186219
0.30136	0.888487
0.30144	1.30985
0.30152	1.16939
0.3016	0.748034
0.30168	0.233037
0.30176	-0.375596
0.30184	-0.562868
0.30192	-0.562868
0.302	-0.235142
0.30208	0.233037
0.30216	0.748034
0.30224	0.982123
0.30232	0.841669
0.3024	0.560762
0.30248	0.092583
0.30256	-0.28196
0.30264	-0.750139
0.30272	-0.750139
0.3028	-0.422414
0.30288	0.37349
0.30296	1.21621
0.30304	1.73121
0.30312	1.68439
0.3032	1.26303
0.30328	0.420308
0.30336	-0.28196
0.30344	-0.750139
0.30352	-0.843775
0.3036	-0.469232
0.30368	-0.0478707
0.30376	0.420308
0.30384	0.748034
0.30392	0.701216
0.304	0.420308
0.30408	-0.28196
0.30416	-0.843775
0.30424	-1.12468
0.30432	-0.843775
0.3044	-0.235142
0.30448	0.748034
0.30456	1.54394
0.30464	1.82485
0.30472	1.40348
0.3048	0.701216
0.30488	-0.188324
0.30496	-0.890593
0.30504	-1.03105
0.30512	-0.750139
0.3052	-0.0946886
0.30528	0.701216
0.30536	1.16939
0.30544	1.07576
0.30552	0.748034
0.3056	0.092583
0.30568	-0.562868
0.30576	-0.750139
0.30584	-0.562868
0.30592	0.092583
0.306	0.748034
0.30608	1.26303
0.30616	1.30985
0.30624	0.982123
0.30632	0.37349
0.3064	-0.188324
0.30648	-0.562868
0.30656	-0.656503
0.30664	-0.51605
0.30672	-0.0478707
0.3068	0.467126
0.30688	0.982123
0.30696	1.07576
0.30704	0.888487
0.30712	0.420308
0.3072	0.0457651
0.30728	-0.328778
0.30736	-0.469232
0.30744	-0.141507
0.30752	0.37349
0.3076	0.841669
0.30768	1.16939
0.30776	1.16939
0.30784	0.794851
0.30792	0.326672
0.308	-0.141507
0.30808	-0.375596
0.30816	-0.469232
0.30824	-0.469232
0.30832	-0.562868
0.3084	-0.328778
0.30848	-0.0010528
0.30856	0.420308
0.30864	0.513944
0.30872	0.560762
0.3088	0.233037
0.30888	-0.141507
0.30896	-0.375596
0.30904	-0.235142
0.30912	-0.0478707
0.3092	0.37349
0.30928	0.60758
0.30936	0.560762
0.30944	0.560762
0.30952	0.37349
0.3096	0.092583
0.30968	-0.141507
0.30976	-0.375596
0.30984	-0.51605
0.30992	-0.469232
0.31	-0.235142
