-0.02	0.740685
-0.01992	3.82402E-4
-0.01984	-0.73992
-0.01976	-0.73992
-0.01968	3.82402E-4
-0.0196	0.740685
-0.01952	1.48099
-0.01944	1.48099
-0.01936	1.48099
-0.01928	0.740685
-0.0192	3.82402E-4
-0.01912	3.82402E-4
-0.01904	3.82402E-4
-0.01896	3.82402E-4
-0.01888	3.82402E-4
-0.0188	-0.73992
-0.01872	-2.22052
-0.01864	-3.70113
-0.01856	-4.44143
-0.01848	-3.70113
-0.0184	-2.22052
-0.01832	3.82402E-4
-0.01824	3.82402E-4
-0.01816	-2.96083
-0.01808	-5.92204
-0.018	-7.40264
-0.01792	-3.70113
-0.01784	3.82402E-4
-0.01776	2.96159
-0.01768	2.96159
-0.0176	0.740685
-0.01752	-0.73992
-0.01744	-0.73992
-0.01736	0.740685
-0.01728	2.96159
-0.0172	4.4422
-0.01712	2.96159
-0.01704	0.740685
-0.01696	-0.73992
-0.01688	-2.22052
-0.0168	-1.48022
-0.01672	0.740685
-0.01664	4.4422
-0.01656	6.6631
-0.01648	5.9228
-0.0164	3.70189
-0.01632	0.740685
-0.01624	3.82402E-4
-0.01616	1.48099
-0.01608	3.70189
-0.016	5.9228
-0.01592	5.9228
-0.01584	4.4422
-0.01576	2.96159
-0.01568	3.82402E-4
-0.0156	3.82402E-4
-0.01552	0.740685
-0.01544	1.48099
-0.01536	2.22129
-0.01528	1.48099
-0.0152	3.82402E-4
-0.01512	-0.73992
-0.01504	-0.73992
-0.01496	0.740685
-0.01488	2.96159
-0.0148	2.22129
-0.01472	0.740685
-0.01464	-0.73992
-0.01456	-1.48022
-0.01448	-1.48022
-0.0144	3.82402E-4
-0.01432	1.48099
-0.01424	2.96159
-0.01416	2.22129
-0.01408	3.82402E-4
-0.014	-1.48022
-0.01392	-1.48022
-0.01384	3.82402E-4
-0.01376	2.22129
-0.01368	2.96159
-0.0136	1.48099
-0.01352	-0.73992
-0.01344	-1.48022
-0.01336	-0.73992
-0.01328	0.740685
-0.0132	2.22129
-0.01312	2.96159
-0.01304	2.96159
-0.01296	2.22129
-0.01288	0.740685
-0.0128	0.740685
-0.01272	2.22129
-0.01264	2.22129
-0.01256	1.48099
-0.01248	-0.73992
-0.0124	-2.96083
-0.01232	-3.70113
-0.01224	-2.22052
-0.01216	3.82402E-4
-0.01208	2.22129
-0.012	2.22129
-0.01192	1.48099
-0.01184	-0.73992
-0.01176	-1.48022
-0.01168	-1.48022
-0.0116	3.82402E-4
-0.01152	2.22129
-0.01144	2.96159
-0.01136	2.22129
-0.01128	-0.73992
-0.0112	-2.22052
-0.01112	-2.96083
-0.01104	-2.22052
-0.01096	-0.73992
-0.01088	1.48099
-0.0108	2.22129
-0.01072	0.740685
-0.01064	-0.73992
-0.01056	-1.48022
-0.01048	-1.48022
-0.0104	3.82402E-4
-0.01032	2.22129
-0.01024	2.22129
-0.01016	1.48099
-0.01008	3.82402E-4
-0.01	-0.73992
-0.00992	-1.48022
-0.00984	3.82402E-4
-0.00976	2.22129
-0.00968	3.70189
-0.0096	2.96159
-0.00952	0.740685
-0.00944	-0.73992
-0.00936	-1.48022
-0.00928	-0.73992
-0.0092	3.82402E-4
-0.00912	0.740685
-0.00904	0.740685
-0.00896	3.82402E-4
-0.00888	-0.73992
-0.0088	-0.73992
-0.00872	3.82402E-4
-0.00864	0.740685
-0.00856	1.48099
-0.00848	2.22129
-0.0084	2.22129
-0.00832	1.48099
-0.00824	0.740685
-0.00816	3.82402E-4
-0.00808	-1.48022
-0.008	-1.48022
-0.00792	-0.73992
-0.00784	3.82402E-4
-0.00776	2.22129
-0.00768	2.22129
-0.0076	1.48099
-0.00752	0.740685
-0.00744	3.82402E-4
-0.00736	0.740685
-0.00728	2.22129
-0.0072	2.96159
-0.00712	3.70189
-0.00704	3.70189
-0.00696	2.22129
-0.00688	0.740685
-0.0068	3.82402E-4
-0.00672	-0.73992
-0.00664	3.82402E-4
-0.00656	0.740685
-0.00648	0.740685
-0.0064	1.48099
-0.00632	1.48099
-0.00624	0.740685
-0.00616	-0.73992
-0.00608	-1.48022
-0.006	-2.22052
-0.00592	-0.73992
-0.00584	0.740685
-0.00576	0.740685
-0.00568	0.740685
-0.0056	-0.73992
-0.00552	-1.48022
-0.00544	-1.48022
-0.00536	3.82402E-4
-0.00528	0.740685
-0.0052	2.22129
-0.00512	1.48099
-0.00504	0.740685
-0.00496	3.82402E-4
-0.00488	3.82402E-4
-0.0048	3.82402E-4
-0.00472	0.740685
-0.00464	0.740685
-0.00456	3.82402E-4
-0.00448	-0.73992
-0.0044	-0.73992
-0.00432	3.82402E-4
-0.00424	0.740685
-0.00416	1.48099
-0.00408	1.48099
-0.004	0.740685
-0.00392	0.740685
-0.00384	3.82402E-4
-0.00376	3.82402E-4
-0.00368	3.82402E-4
-0.0036	-0.73992
-0.00352	-1.48022
-0.00344	-0.73992
-0.00336	3.82402E-4
-0.00328	0.740685
-0.0032	2.22129
-0.00312	1.48099
-0.00304	3.82402E-4
-0.00296	-0.73992
-0.00288	-0.73992
-0.0028	3.82402E-4
-0.00272	1.48099
-0.00264	2.22129
-0.00256	1.48099
-0.00248	0.740685
-0.0024	3.82402E-4
-0.00232	-0.73992
-0.00224	3.82402E-4
-0.00216	0.740685
-0.00208	0.740685
-0.002	1.48099
-0.00192	1.48099
-0.00184	2.22129
-0.00176	1.48099
-0.00168	0.740685
-0.0016	3.82402E-4
-0.00152	3.82402E-4
-0.00144	3.82402E-4
-0.00136	3.82402E-4
-0.00128	0.740685
-0.0012	1.48099
-0.00112	1.48099
-0.00104	0.740685
-9.6E-4	3.82402E-4
-8.8E-4	-0.73992
-8.0E-4	-0.73992
-7.2E-4	3.82402E-4
-6.4E-4	0.740685
-5.6E-4	1.48099
-4.8E-4	1.48099
-4.0E-4	0.740685
-3.2E-4	0.740685
-2.4E-4	0.740685
-1.6E-4	0.740685
-8.0E-5	1.48099
4.66478E-17	1.48099
8.0E-5	0.740685
1.6E-4	0.740685
2.4E-4	0.740685
3.2E-4	1.48099
4.0E-4	1.48099
4.8E-4	1.48099
5.6E-4	1.48099
6.4E-4	0.740685
7.2E-4	3.82402E-4
8.0E-4	3.82402E-4
8.8E-4	-0.73992
9.6E-4	-0.73992
0.00104	-0.73992
0.00112	0.740685
0.0012	0.740685
0.00128	1.48099
0.00136	2.22129
0.00144	0.740685
0.00152	0.740685
0.0016	3.82402E-4
0.00168	3.82402E-4
0.00176	0.740685
0.00184	1.48099
0.00192	1.48099
0.002	1.48099
0.00208	0.740685
0.00216	-0.73992
0.00224	-0.73992
0.00232	-0.73992
0.0024	-0.73992
0.00248	3.82402E-4
0.00256	3.82402E-4
0.00264	3.82402E-4
0.00272	0.740685
0.0028	0.740685
0.00288	0.740685
0.00296	0.740685
0.00304	0.740685
0.00312	0.740685
0.0032	0.740685
0.00328	1.48099
0.00336	1.48099
0.00344	1.48099
0.00352	0.740685
0.0036	3.82402E-4
0.00368	3.82402E-4
0.00376	0.740685
0.00384	0.740685
0.00392	3.82402E-4
0.004	3.82402E-4
0.00408	3.82402E-4
0.00416	3.82402E-4
0.00424	0.740685
0.00432	0.740685
0.0044	0.740685
0.00448	3.82402E-4
0.00456	-0.73992
0.00464	-0.73992
0.00472	-0.73992
0.0048	3.82402E-4
0.00488	3.82402E-4
0.00496	3.82402E-4
0.00504	3.82402E-4
0.00512	-0.73992
0.0052	-1.48022
0.00528	-0.73992
0.00536	-1.48022
0.00544	-1.48022
0.00552	-2.22052
0.0056	-2.22052
0.00568	-2.22052
0.00576	-1.48022
0.00584	-2.22052
0.00592	-2.22052
0.006	-2.96083
0.00608	-3.70113
0.00616	-3.70113
0.00624	-3.70113
0.00632	-3.70113
0.0064	-4.44143
0.00648	-4.44143
0.00656	-5.18173
0.00664	-5.18173
0.00672	-5.92204
0.0068	-5.92204
0.00688	-5.92204
0.00696	-6.66234
0.00704	-6.66234
0.00712	-6.66234
0.0072	-6.66234
0.00728	-5.92204
0.00736	-6.66234
0.00744	-6.66234
0.00752	-7.40264
0.0076	-8.14294
0.00768	-8.14294
0.00776	-8.14294
0.00784	-7.40264
0.00792	-6.66234
0.008	-6.66234
0.00808	-6.66234
0.00816	-7.40264
0.00824	-8.14294
0.00832	-8.88325
0.0084	-9.62355
0.00848	-8.88325
0.00856	-8.88325
0.00864	-8.88325
0.00872	-8.88325
0.0088	-8.88325
0.00888	-8.88325
0.00896	-8.14294
0.00904	-8.88325
0.00912	-8.88325
0.0092	-8.88325
0.00928	-8.88325
0.00936	-8.88325
0.00944	-8.14294
0.00952	-6.66234
0.0096	-5.92204
0.00968	-5.18173
0.00976	-6.66234
0.00984	-8.14294
0.00992	-8.14294
0.01	-7.40264
0.01008	-5.92204
0.01016	-4.44143
0.01024	-3.70113
0.01032	-3.70113
0.0104	-2.96083
0.01048	-3.70113
0.01056	-2.96083
0.01064	-2.96083
0.01072	-1.48022
0.0108	3.82402E-4
0.01088	1.48099
0.01096	2.96159
0.01104	2.22129
0.01112	0.740685
0.0112	3.82402E-4
0.01128	-0.73992
0.01136	-1.48022
0.01144	-1.48022
0.01152	-1.48022
0.0116	-0.73992
0.01168	-1.48022
0.01176	-2.22052
0.01184	-3.70113
0.01192	-4.44143
0.012	-4.44143
0.01208	-4.44143
0.01216	-3.70113
0.01224	-2.96083
0.01232	-1.48022
0.0124	-0.73992
0.01248	3.82402E-4
0.01256	0.740685
0.01264	1.48099
0.01272	2.22129
0.0128	2.22129
0.01288	2.96159
0.01296	2.96159
0.01304	2.22129
0.01312	1.48099
0.0132	3.82402E-4
0.01328	-1.48022
0.01336	-2.96083
0.01344	-3.70113
0.01352	-2.96083
0.0136	-2.96083
0.01368	-1.48022
0.01376	-0.73992
0.01384	3.82402E-4
0.01392	2.22129
0.014	2.96159
0.01408	2.22129
0.01416	3.82402E-4
0.01424	-2.96083
0.01432	-5.92204
0.0144	-7.40264
0.01448	-8.14294
0.01456	-8.88325
0.01464	-9.62355
0.01472	-11.1041
0.0148	-12.5847
0.01488	-14.0653
0.01496	-16.2863
0.01504	-17.7669
0.01512	-19.2475
0.0152	-19.9878
0.01528	-19.9878
0.01536	-18.5072
0.01544	-17.0266
0.01552	-14.8056
0.0156	-13.325
0.01568	-12.5847
0.01576	-12.5847
0.01584	-14.0653
0.01592	-14.8056
0.016	-16.2863
0.01608	-17.0266
0.01616	-17.7669
0.01624	-18.5072
0.01632	-19.2475
0.0164	-19.9878
0.01648	-21.4684
0.01656	-23.6893
0.01664	-26.6505
0.01672	-28.8714
0.0168	-30.352
0.01688	-29.6117
0.01696	-26.6505
0.01704	-22.949
0.01712	-20.7281
0.0172	-21.4684
0.01728	-22.949
0.01736	-27.3908
0.01744	-31.0923
0.01752	-31.0923
0.0176	-25.1699
0.01768	-17.0266
0.01776	-11.1041
0.01784	-12.5847
0.01792	-22.949
0.018	-34.7938
0.01808	-37.0147
0.01816	-25.9102
0.01824	-7.40264
0.01832	5.9228
0.0184	5.1825
0.01848	-9.62355
0.01856	-24.4296
0.01864	-30.352
0.01872	-22.2087
0.0188	-5.92204
0.01888	6.6631
0.01896	9.62431
0.01904	1.48099
0.01912	-11.1041
0.0192	-19.9878
0.01928	-19.2475
0.01936	-10.3638
0.01944	0.740685
0.01952	5.9228
0.0196	3.70189
0.01968	-1.48022
0.01976	-3.70113
0.01984	-2.22052
0.01992	3.82402E-4
0.02	-0.73992
0.02008	-3.70113
0.02016	-7.40264
0.02024	-7.40264
0.02032	-3.70113
0.0204	2.22129
0.02048	6.6631
0.02056	8.14371
0.02064	5.9228
0.02072	1.48099
0.0208	-2.22052
0.02088	-2.22052
0.02096	3.82402E-4
0.02104	3.70189
0.02112	5.1825
0.0212	2.22129
0.02128	-3.70113
0.02136	-8.88325
0.02144	-10.3638
0.02152	-7.40264
0.0216	-2.22052
0.02168	1.48099
0.02176	1.48099
0.02184	-2.22052
0.02192	-8.14294
0.022	-11.1041
0.02208	-11.1041
0.02216	-8.14294
0.02224	-5.18173
0.02232	-5.18173
0.0224	-7.40264
0.02248	-9.62355
0.02256	-11.1041
0.02264	-10.3638
0.02272	-8.88325
0.0228	-8.88325
0.02288	-11.1041
0.02296	-16.2863
0.02304	-19.9878
0.02312	-21.4684
0.0232	-20.7281
0.02328	-18.5072
0.02336	-16.2863
0.02344	-14.8056
0.02352	-14.8056
0.0236	-13.325
0.02368	-11.1041
0.02376	-8.14294
0.02384	-5.92204
0.02392	-5.18173
0.024	-6.66234
0.02408	-8.88325
0.02416	-11.1041
0.02424	-13.325
0.02432	-15.5459
0.0244	-17.0266
0.02448	-17.7669
0.02456	-17.7669
0.02464	-17.7669
0.02472	-17.7669
0.0248	-19.2475
0.02488	-20.7281
0.02496	-22.2087
0.02504	-24.4296
0.02512	-24.4296
0.0252	-24.4296
0.02528	-24.4296
0.02536	-23.6893
0.02544	-22.949
0.02552	-23.6893
0.0256	-23.6893
0.02568	-24.4296
0.02576	-23.6893
0.02584	-22.949
0.02592	-20.7281
0.026	-19.2475
0.02608	-17.7669
0.02616	-19.2475
0.02624	-22.949
0.02632	-25.9102
0.0264	-27.3908
0.02648	-25.9102
0.02656	-22.949
0.02664	-20.7281
0.02672	-20.7281
0.0268	-22.2087
0.02688	-22.2087
0.02696	-19.9878
0.02704	-16.2863
0.02712	-12.5847
0.0272	-10.3638
0.02728	-10.3638
0.02736	-10.3638
0.02744	-11.8444
0.02752	-12.5847
0.0276	-11.1041
0.02768	-8.14294
0.02776	-5.18173
0.02784	-4.44143
0.02792	-5.18173
0.028	-7.40264
0.02808	-9.62355
0.02816	-9.62355
0.02824	-8.14294
0.02832	-5.92204
0.0284	-4.44143
0.02848	-4.44143
0.02856	-5.92204
0.02864	-8.14294
0.02872	-10.3638
0.0288	-14.0653
0.02888	-15.5459
0.02896	-16.2863
0.02904	-14.0653
0.02912	-11.1041
0.0292	-8.14294
0.02928	-7.40264
0.02936	-8.14294
0.02944	-10.3638
0.02952	-11.1041
0.0296	-9.62355
0.02968	-6.66234
0.02976	-3.70113
0.02984	-3.70113
0.02992	-4.44143
0.03	-8.14294
0.03008	-11.8444
0.03016	-14.8056
0.03024	-15.5459
0.03032	-13.325
0.0304	-10.3638
0.03048	-7.40264
0.03056	-6.66234
0.03064	-5.92204
0.03072	-5.18173
0.0308	-4.44143
0.03088	-3.70113
0.03096	-2.96083
0.03104	-4.44143
0.03112	-8.14294
0.0312	-11.1041
0.03128	-14.8056
0.03136	-14.8056
0.03144	-11.1041
0.03152	-5.18173
0.0316	0.740685
0.03168	5.9228
0.03176	8.14371
0.03184	8.14371
0.03192	7.40341
0.032	6.6631
0.03208	5.9228
0.03216	5.9228
0.03224	4.4422
0.03232	3.82402E-4
0.0324	-5.92204
0.03248	-11.8444
0.03256	-14.0653
0.03264	-14.0653
0.03272	-12.5847
0.0328	-11.1041
0.03288	-8.88325
0.03296	-9.62355
0.03304	-12.5847
0.03312	-15.5459
0.0332	-17.7669
0.03328	-17.7669
0.03336	-17.0266
0.03344	-17.0266
0.03352	-17.0266
0.0336	-16.2863
0.03368	-14.0653
0.03376	-11.1041
0.03384	-10.3638
0.03392	-13.325
0.034	-17.7669
0.03408	-21.4684
0.03416	-22.949
0.03424	-20.7281
0.03432	-16.2863
0.0344	-11.1041
0.03448	-9.62355
0.03456	-11.1041
0.03464	-13.325
0.03472	-16.2863
0.0348	-17.7669
0.03488	-17.0266
0.03496	-15.5459
0.03504	-13.325
0.03512	-8.88325
0.0352	-3.70113
0.03528	0.740685
0.03536	1.48099
0.03544	-0.73992
0.03552	-4.44143
0.0356	-7.40264
0.03568	-7.40264
0.03576	-2.96083
0.03584	1.48099
0.03592	5.1825
0.036	5.1825
0.03608	2.96159
0.03616	3.82402E-4
0.03624	-2.22052
0.03632	-2.96083
0.0364	-2.96083
0.03648	-2.22052
0.03656	-2.22052
0.03664	-2.22052
0.03672	-2.96083
0.0368	-2.96083
0.03688	-2.22052
0.03696	0.740685
0.03704	4.4422
0.03712	7.40341
0.0372	5.1825
0.03728	0.740685
0.03736	-5.18173
0.03744	-10.3638
0.03752	-14.0653
0.0376	-17.7669
0.03768	-21.4684
0.03776	-21.4684
0.03784	-20.7281
0.03792	-20.7281
0.038	-28.1311
0.03808	-40.7162
0.03816	-55.5223
0.03824	-63.6656
0.03832	-62.9253
0.0384	-57.0029
0.03848	-51.0805
0.03856	-48.8596
0.03864	-48.1193
0.03872	-45.1581
0.0388	-37.0147
0.03888	-28.8714
0.03896	-25.9102
0.03904	-29.6117
0.03912	-37.755
0.0392	-42.9372
0.03928	-41.4566
0.03936	-33.3132
0.03944	-22.949
0.03952	-17.7669
0.0396	-17.7669
0.03968	-20.7281
0.03976	-22.2087
0.03984	-22.949
0.03992	-23.6893
0.04	-24.4296
0.04008	-22.949
0.04016	-19.9878
0.04024	-15.5459
0.04032	-12.5847
0.0404	-12.5847
0.04048	-16.2863
0.04056	-23.6893
0.04064	-33.3132
0.04072	-41.4566
0.0408	-43.6775
0.04088	-37.755
0.04096	-25.9102
0.04104	-14.0653
0.04112	-8.14294
0.0412	-11.1041
0.04128	-21.4684
0.04136	-34.0535
0.04144	-44.4178
0.04152	-49.5999
0.0416	-48.1193
0.04168	-39.9759
0.04176	-30.352
0.04184	-23.6893
0.04192	-22.949
0.042	-25.9102
0.04208	-28.1311
0.04216	-25.9102
0.04224	-22.2087
0.04232	-20.7281
0.0424	-23.6893
0.04248	-28.1311
0.04256	-27.3908
0.04264	-21.4684
0.04272	-14.0653
0.0428	-11.8444
0.04288	-17.0266
0.04296	-23.6893
0.04304	-28.8714
0.04312	-31.0923
0.0432	-29.6117
0.04328	-24.4296
0.04336	-15.5459
0.04344	-8.88325
0.04352	-8.14294
0.0436	-14.0653
0.04368	-21.4684
0.04376	-25.1699
0.04384	-22.2087
0.04392	-19.2475
0.044	-19.2475
0.04408	-23.6893
0.04416	-28.8714
0.04424	-28.8714
0.04432	-22.2087
0.0444	-14.0653
0.04448	-9.62355
0.04456	-11.1041
0.04464	-17.0266
0.04472	-23.6893
0.0448	-27.3908
0.04488	-28.8714
0.04496	-27.3908
0.04504	-24.4296
0.04512	-21.4684
0.0452	-21.4684
0.04528	-25.1699
0.04536	-28.8714
0.04544	-29.6117
0.04552	-28.1311
0.0456	-25.9102
0.04568	-25.1699
0.04576	-25.9102
0.04584	-27.3908
0.04592	-25.1699
0.046	-20.7281
0.04608	-14.8056
0.04616	-11.8444
0.04624	-11.8444
0.04632	-15.5459
0.0464	-20.7281
0.04648	-24.4296
0.04656	-23.6893
0.04664	-18.5072
0.04672	-9.62355
0.0468	-2.96083
0.04688	-0.73992
0.04696	-3.70113
0.04704	-8.14294
0.04712	-10.3638
0.0472	-10.3638
0.04728	-7.40264
0.04736	-4.44143
0.04744	-3.70113
0.04752	-4.44143
0.0476	-8.14294
0.04768	-11.8444
0.04776	-12.5847
0.04784	-8.14294
0.04792	-2.96083
0.048	-1.48022
0.04808	-5.18173
0.04816	-12.5847
0.04824	-19.2475
0.04832	-25.1699
0.0484	-28.1311
0.04848	-31.0923
0.04856	-31.8326
0.04864	-31.0923
0.04872	-28.1311
0.0488	-22.949
0.04888	-16.2863
0.04896	-10.3638
0.04904	-8.88325
0.04912	-13.325
0.0492	-19.9878
0.04928	-25.9102
0.04936	-28.8714
0.04944	-24.4296
0.04952	-17.0266
0.0496	-9.62355
0.04968	-8.14294
0.04976	-12.5847
0.04984	-19.2475
0.04992	-22.949
0.05	-20.7281
0.05008	-15.5459
0.05016	-14.8056
0.05024	-24.4296
0.05032	-42.9372
0.0504	-63.6656
0.05048	-79.9523
0.05056	-87.3553
0.05064	-85.8747
0.05072	-77.7314
0.0508	-66.6268
0.05088	-55.5223
0.05096	-45.8984
0.05104	-41.4566
0.05112	-42.9372
0.0512	-48.1193
0.05128	-51.0805
0.05136	-44.4178
0.05144	-25.9102
0.05152	-7.40264
0.0516	3.82402E-4
0.05168	-6.66234
0.05176	-19.9878
0.05184	-28.8714
0.05192	-28.1311
0.052	-20.7281
0.05208	-13.325
0.05216	-11.1041
0.05224	-14.8056
0.05232	-22.949
0.0524	-29.6117
0.05248	-35.5341
0.05256	-42.1969
0.05264	-53.3014
0.05272	-66.6268
0.0528	-75.5105
0.05288	-68.8477
0.05296	-43.6775
0.05304	-11.1041
0.05312	14.8064
0.0532	18.5079
0.05328	0.740685
0.05336	-27.3908
0.05344	-52.5611
0.05352	-62.185
0.0536	-49.5999
0.05368	-24.4296
0.05376	3.82402E-4
0.05384	6.6631
0.05392	-4.44143
0.054	-25.9102
0.05408	-42.9372
0.05416	-43.6775
0.05424	-31.0923
0.05432	-13.325
0.0544	0.740685
0.05448	3.70189
0.05456	-3.70113
0.05464	-17.7669
0.05472	-32.5729
0.0548	-41.4566
0.05488	-39.9759
0.05496	-30.352
0.05504	-17.0266
0.05512	-8.14294
0.0552	-8.14294
0.05528	-17.0266
0.05536	-28.8714
0.05544	-39.9759
0.05552	-44.4178
0.0556	-42.1969
0.05568	-32.5729
0.05576	-17.7669
0.05584	-5.18173
0.05592	0.740685
0.056	-2.96083
0.05608	-14.8056
0.05616	-25.9102
0.05624	-25.9102
0.05632	-16.2863
0.0564	-4.44143
0.05648	-0.73992
0.05656	-8.14294
0.05664	-22.949
0.05672	-37.0147
0.0568	-42.1969
0.05688	-37.755
0.05696	-28.1311
0.05704	-22.949
0.05712	-22.949
0.0572	-27.3908
0.05728	-31.8326
0.05736	-31.0923
0.05744	-26.6505
0.05752	-21.4684
0.0576	-17.0266
0.05768	-15.5459
0.05776	-17.0266
0.05784	-19.9878
0.05792	-22.949
0.058	-24.4296
0.05808	-22.949
0.05816	-17.7669
0.05824	-11.1041
0.05832	-6.66234
0.0584	-8.14294
0.05848	-11.1041
0.05856	-14.0653
0.05864	-14.8056
0.05872	-15.5459
0.0588	-17.0266
0.05888	-18.5072
0.05896	-18.5072
0.05904	-15.5459
0.05912	-12.5847
0.0592	-14.0653
0.05928	-19.2475
0.05936	-25.9102
0.05944	-28.8714
0.05952	-28.1311
0.0596	-22.949
0.05968	-17.0266
0.05976	-12.5847
0.05984	-10.3638
0.05992	-10.3638
0.06	-12.5847
0.06008	-17.0266
0.06016	-22.2087
0.06024	-24.4296
0.06032	-24.4296
0.0604	-20.7281
0.06048	-17.0266
0.06056	-16.2863
0.06064	-17.7669
0.06072	-19.9878
0.0608	-21.4684
0.06088	-24.4296
0.06096	-28.1311
0.06104	-31.8326
0.06112	-34.7938
0.0612	-36.2744
0.06128	-37.755
0.06136	-39.2356
0.06144	-39.2356
0.06152	-39.9759
0.0616	-40.7162
0.06168	-39.2356
0.06176	-36.2744
0.06184	-31.8326
0.06192	-26.6505
0.062	-22.949
0.06208	-19.2475
0.06216	-18.5072
0.06224	-21.4684
0.06232	-28.1311
0.0624	-35.5341
0.06248	-39.2356
0.06256	-35.5341
0.06264	-27.3908
0.06272	-19.9878
0.0628	-18.5072
0.06288	-22.949
0.06296	-31.0923
0.06304	-35.5341
0.06312	-34.7938
0.0632	-32.5729
0.06328	-29.6117
0.06336	-30.352
0.06344	-30.352
0.06352	-28.8714
0.0636	-24.4296
0.06368	-20.7281
0.06376	-21.4684
0.06384	-26.6505
0.06392	-31.0923
0.064	-32.5729
0.06408	-29.6117
0.06416	-22.949
0.06424	-17.7669
0.06432	-18.5072
0.0644	-24.4296
0.06448	-34.0535
0.06456	-42.1969
0.06464	-44.4178
0.06472	-41.4566
0.0648	-37.755
0.06488	-35.5341
0.06496	-37.0147
0.06504	-37.755
0.06512	-37.755
0.0652	-37.0147
0.06528	-36.2744
0.06536	-38.4953
0.06544	-40.7162
0.06552	-38.4953
0.0656	-33.3132
0.06568	-25.9102
0.06576	-19.2475
0.06584	-16.2863
0.06592	-17.0266
0.066	-19.9878
0.06608	-23.6893
0.06616	-24.4296
0.06624	-21.4684
0.06632	-18.5072
0.0664	-17.0266
0.06648	-17.0266
0.06656	-18.5072
0.06664	-21.4684
0.06672	-24.4296
0.0668	-28.8714
0.06688	-32.5729
0.06696	-34.0535
0.06704	-34.0535
0.06712	-34.0535
0.0672	-33.3132
0.06728	-31.8326
0.06736	-28.8714
0.06744	-26.6505
0.06752	-25.1699
0.0676	-24.4296
0.06768	-22.2087
0.06776	-20.7281
0.06784	-19.9878
0.06792	-19.9878
0.068	-23.6893
0.06808	-28.8714
0.06816	-34.0535
0.06824	-37.0147
0.06832	-37.755
0.0684	-37.755
0.06848	-38.4953
0.06856	-40.7162
0.06864	-42.9372
0.06872	-43.6775
0.0688	-41.4566
0.06888	-36.2744
0.06896	-35.5341
0.06904	-39.9759
0.06912	-48.1193
0.0692	-53.3014
0.06928	-51.0805
0.06936	-39.2356
0.06944	-22.2087
0.06952	-8.88325
0.0696	-5.92204
0.06968	-17.0266
0.06976	-35.5341
0.06984	-52.5611
0.06992	-58.4835
0.07	-53.3014
0.07008	-40.7162
0.07016	-27.3908
0.07024	-17.7669
0.07032	-15.5459
0.0704	-19.9878
0.07048	-29.6117
0.07056	-40.7162
0.07064	-46.6387
0.07072	-45.8984
0.0708	-39.2356
0.07088	-31.0923
0.07096	-25.9102
0.07104	-22.949
0.07112	-22.2087
0.0712	-24.4296
0.07128	-28.8714
0.07136	-34.0535
0.07144	-38.4953
0.07152	-42.1969
0.0716	-45.1581
0.07168	-45.8984
0.07176	-43.6775
0.07184	-39.2356
0.07192	-30.352
0.072	-24.4296
0.07208	-23.6893
0.07216	-25.9102
0.07224	-30.352
0.07232	-34.7938
0.0724	-37.0147
0.07248	-37.0147
0.07256	-36.2744
0.07264	-36.2744
0.07272	-34.7938
0.0728	-32.5729
0.07288	-31.8326
0.07296	-35.5341
0.07304	-43.6775
0.07312	-52.5611
0.0732	-59.9641
0.07328	-61.4447
0.07336	-56.2626
0.07344	-48.1193
0.07352	-40.7162
0.0736	-38.4953
0.07368	-38.4953
0.07376	-38.4953
0.07384	-36.2744
0.07392	-31.0923
0.074	-22.949
0.07408	-17.0266
0.07416	-15.5459
0.07424	-14.8056
0.07432	-12.5847
0.0744	-13.325
0.07448	-18.5072
0.07456	-26.6505
0.07464	-34.0535
0.07472	-37.755
0.0748	-37.0147
0.07488	-34.7938
0.07496	-31.8326
0.07504	-32.5729
0.07512	-34.0535
0.0752	-33.3132
0.07528	-31.0923
0.07536	-28.1311
0.07544	-23.6893
0.07552	-19.2475
0.0756	-16.2863
0.07568	-17.0266
0.07576	-20.7281
0.07584	-24.4296
0.07592	-25.1699
0.076	-22.949
0.07608	-21.4684
0.07616	-23.6893
0.07624	-31.8326
0.07632	-40.7162
0.0764	-43.6775
0.07648	-38.4953
0.07656	-28.8714
0.07664	-21.4684
0.07672	-16.2863
0.0768	-13.325
0.07688	-11.1041
0.07696	-10.3638
0.07704	-13.325
0.07712	-19.9878
0.0772	-29.6117
0.07728	-35.5341
0.07736	-34.0535
0.07744	-26.6505
0.07752	-17.7669
0.0776	-14.0653
0.07768	-16.2863
0.07776	-21.4684
0.07784	-25.9102
0.07792	-28.1311
0.078	-28.8714
0.07808	-28.1311
0.07816	-26.6505
0.07824	-25.1699
0.07832	-24.4296
0.0784	-23.6893
0.07848	-21.4684
0.07856	-19.9878
0.07864	-21.4684
0.07872	-24.4296
0.0788	-25.9102
0.07888	-23.6893
0.07896	-19.2475
0.07904	-15.5459
0.07912	-14.8056
0.0792	-16.2863
0.07928	-19.9878
0.07936	-23.6893
0.07944	-26.6505
0.07952	-29.6117
0.0796	-28.1311
0.07968	-21.4684
0.07976	-14.0653
0.07984	-11.1041
0.07992	-18.5072
0.08	-30.352
0.08008	-39.9759
0.08016	-42.1969
0.08024	-36.2744
0.08032	-28.1311
0.0804	-22.2087
0.08048	-20.7281
0.08056	-24.4296
0.08064	-28.8714
0.08072	-34.0535
0.0808	-37.0147
0.08088	-35.5341
0.08096	-30.352
0.08104	-25.1699
0.08112	-21.4684
0.0812	-18.5072
0.08128	-16.2863
0.08136	-14.8056
0.08144	-15.5459
0.08152	-19.9878
0.0816	-25.1699
0.08168	-27.3908
0.08176	-25.9102
0.08184	-20.7281
0.08192	-14.0653
0.082	-10.3638
0.08208	-11.1041
0.08216	-16.2863
0.08224	-24.4296
0.08232	-31.0923
0.0824	-32.5729
0.08248	-26.6505
0.08256	-15.5459
0.08264	-8.88325
0.08272	-11.1041
0.0828	-21.4684
0.08288	-31.8326
0.08296	-36.2744
0.08304	-34.0535
0.08312	-30.352
0.0832	-29.6117
0.08328	-31.8326
0.08336	-32.5729
0.08344	-29.6117
0.08352	-25.1699
0.0836	-22.949
0.08368	-24.4296
0.08376	-27.3908
0.08384	-31.8326
0.08392	-34.7938
0.084	-35.5341
0.08408	-33.3132
0.08416	-28.8714
0.08424	-22.949
0.08432	-18.5072
0.0844	-18.5072
0.08448	-22.949
0.08456	-27.3908
0.08464	-30.352
0.08472	-31.8326
0.0848	-29.6117
0.08488	-25.9102
0.08496	-21.4684
0.08504	-19.2475
0.08512	-17.0266
0.0852	-16.2863
0.08528	-14.0653
0.08536	-14.0653
0.08544	-17.7669
0.08552	-24.4296
0.0856	-31.0923
0.08568	-36.2744
0.08576	-40.7162
0.08584	-46.6387
0.08592	-53.3014
0.086	-57.0029
0.08608	-54.0417
0.08616	-42.9372
0.08624	-31.0923
0.08632	-23.6893
0.0864	-20.7281
0.08648	-18.5072
0.08656	-11.8444
0.08664	-3.70113
0.08672	2.96159
0.0868	4.4422
0.08688	-2.96083
0.08696	-17.0266
0.08704	-30.352
0.08712	-38.4953
0.0872	-40.7162
0.08728	-38.4953
0.08736	-37.755
0.08744	-39.2356
0.08752	-37.0147
0.0876	-32.5729
0.08768	-25.9102
0.08776	-22.949
0.08784	-22.949
0.08792	-26.6505
0.088	-30.352
0.08808	-30.352
0.08816	-21.4684
0.08824	-5.92204
0.08832	8.14371
0.0884	14.8064
0.08848	11.1049
0.08856	-1.48022
0.08864	-17.0266
0.08872	-27.3908
0.0888	-34.7938
0.08888	-40.7162
0.08896	-42.1969
0.08904	-39.9759
0.08912	-34.0535
0.0892	-26.6505
0.08928	-20.7281
0.08936	-19.2475
0.08944	-20.7281
0.08952	-22.949
0.0896	-22.2087
0.08968	-17.0266
0.08976	-11.1041
0.08984	-9.62355
0.08992	-16.2863
0.09	-28.8714
0.09008	-38.4953
0.09016	-41.4566
0.09024	-35.5341
0.09032	-25.9102
0.0904	-16.2863
0.09048	-8.88325
0.09056	-2.22052
0.09064	3.70189
0.09072	8.88401
0.0908	11.1049
0.09088	10.3646
0.09096	8.14371
0.09104	5.9228
0.09112	5.1825
0.0912	2.96159
0.09128	-3.70113
0.09136	-12.5847
0.09144	-22.949
0.09152	-29.6117
0.0916	-31.8326
0.09168	-27.3908
0.09176	-17.7669
0.09184	-7.40264
0.09192	-0.73992
0.092	3.82402E-4
0.09208	-5.18173
0.09216	-12.5847
0.09224	-20.7281
0.09232	-22.949
0.0924	-19.9878
0.09248	-14.0653
0.09256	-10.3638
0.09264	-12.5847
0.09272	-18.5072
0.0928	-24.4296
0.09288	-26.6505
0.09296	-26.6505
0.09304	-25.1699
0.09312	-21.4684
0.0932	-17.0266
0.09328	-12.5847
0.09336	-14.0653
0.09344	-20.7281
0.09352	-28.8714
0.0936	-32.5729
0.09368	-30.352
0.09376	-27.3908
0.09384	-25.9102
0.09392	-27.3908
0.094	-28.1311
0.09408	-25.1699
0.09416	-21.4684
0.09424	-19.9878
0.09432	-18.5072
0.0944	-17.7669
0.09448	-14.8056
0.09456	-11.1041
0.09464	-10.3638
0.09472	-12.5847
0.0948	-17.0266
0.09488	-21.4684
0.09496	-24.4296
0.09504	-23.6893
0.09512	-19.9878
0.0952	-11.8444
0.09528	-2.22052
0.09536	3.70189
0.09544	5.1825
0.09552	1.48099
0.0956	-5.18173
0.09568	-12.5847
0.09576	-17.7669
0.09584	-18.5072
0.09592	-17.0266
0.096	-16.2863
0.09608	-17.0266
0.09616	-19.2475
0.09624	-21.4684
0.09632	-22.2087
0.0964	-20.7281
0.09648	-15.5459
0.09656	-10.3638
0.09664	-8.88325
0.09672	-12.5847
0.0968	-17.7669
0.09688	-19.9878
0.09696	-17.0266
0.09704	-14.0653
0.09712	-12.5847
0.0972	-13.325
0.09728	-14.0653
0.09736	-14.8056
0.09744	-14.8056
0.09752	-14.8056
0.0976	-15.5459
0.09768	-15.5459
0.09776	-13.325
0.09784	-10.3638
0.09792	-10.3638
0.098	-13.325
0.09808	-17.0266
0.09816	-19.9878
0.09824	-20.7281
0.09832	-21.4684
0.0984	-21.4684
0.09848	-21.4684
0.09856	-17.7669
0.09864	-13.325
0.09872	-8.88325
0.0988	-7.40264
0.09888	-7.40264
0.09896	-8.88325
0.09904	-11.8444
0.09912	-14.8056
0.0992	-16.2863
0.09928	-16.2863
0.09936	-14.0653
0.09944	-8.88325
0.09952	-3.70113
0.0996	0.740685
0.09968	1.48099
0.09976	3.82402E-4
0.09984	-5.18173
0.09992	-12.5847
0.1	-21.4684
0.10008	-31.0923
0.10016	-38.4953
0.10024	-42.9372
0.10032	-42.1969
0.1004	-38.4953
0.10048	-34.0535
0.10056	-31.0923
0.10064	-29.6117
0.10072	-28.1311
0.1008	-24.4296
0.10088	-19.2475
0.10096	-13.325
0.10104	-8.14294
0.10112	-5.92204
0.1012	-2.96083
0.10128	0.740685
0.10136	5.9228
0.10144	12.5855
0.10152	18.5079
0.1016	22.2095
0.10168	22.9498
0.10176	18.5079
0.10184	10.3646
0.10192	2.22129
0.102	-5.18173
0.10208	-9.62355
0.10216	-11.1041
0.10224	-11.8444
0.10232	-13.325
0.1024	-13.325
0.10248	-11.8444
0.10256	-8.88325
0.10264	-5.18173
0.10272	-2.96083
0.1028	-1.48022
0.10288	0.740685
0.10296	2.22129
0.10304	2.22129
0.10312	-2.22052
0.1032	-10.3638
0.10328	-19.2475
0.10336	-25.1699
0.10344	-25.9102
0.10352	-20.7281
0.1036	-14.0653
0.10368	-7.40264
0.10376	-5.18173
0.10384	-5.18173
0.10392	-5.92204
0.104	-7.40264
0.10408	-8.88325
0.10416	-11.1041
0.10424	-12.5847
0.10432	-13.325
0.1044	-14.0653
0.10448	-13.325
0.10456	-12.5847
0.10464	-11.8444
0.10472	-8.14294
0.1048	-5.18173
0.10488	-2.22052
0.10496	-0.73992
0.10504	-2.22052
0.10512	-3.70113
0.1052	-8.14294
0.10528	-12.5847
0.10536	-16.2863
0.10544	-18.5072
0.10552	-18.5072
0.1056	-17.0266
0.10568	-14.8056
0.10576	-13.325
0.10584	-11.1041
0.10592	-8.14294
0.106	-5.18173
0.10608	-2.22052
0.10616	-2.96083
0.10624	-4.44143
0.10632	-8.88325
0.1064	-12.5847
0.10648	-14.8056
0.10656	-15.5459
0.10664	-14.0653
0.10672	-11.8444
0.1068	-11.1041
0.10688	-9.62355
0.10696	-8.14294
0.10704	-6.66234
0.10712	-5.18173
0.1072	-5.18173
0.10728	-5.92204
0.10736	-7.40264
0.10744	-8.14294
0.10752	-9.62355
0.1076	-12.5847
0.10768	-15.5459
0.10776	-16.2863
0.10784	-14.8056
0.10792	-11.8444
0.108	-8.14294
0.10808	-5.18173
0.10816	-1.48022
0.10824	0.740685
0.10832	3.70189
0.1084	3.70189
0.10848	2.22129
0.10856	-2.22052
0.10864	-7.40264
0.10872	-12.5847
0.1088	-16.2863
0.10888	-17.0266
0.10896	-14.0653
0.10904	-9.62355
0.10912	-5.18173
0.1092	-0.73992
0.10928	1.48099
0.10936	1.48099
0.10944	0.740685
0.10952	-0.73992
0.1096	-2.22052
0.10968	-2.96083
0.10976	-2.22052
0.10984	-2.96083
0.10992	-2.96083
0.11	-3.70113
0.11008	-5.92204
0.11016	-7.40264
0.11024	-8.88325
0.11032	-8.88325
0.1104	-8.14294
0.11048	-6.66234
0.11056	-5.92204
0.11064	-4.44143
0.11072	-2.22052
0.1108	-0.73992
0.11088	3.82402E-4
0.11096	-0.73992
0.11104	-2.96083
0.11112	-5.18173
0.1112	-4.44143
0.11128	-2.22052
0.11136	3.82402E-4
0.11144	3.82402E-4
0.11152	-1.48022
0.1116	-3.70113
0.11168	-5.18173
0.11176	-6.66234
0.11184	-6.66234
0.11192	-5.18173
0.112	-2.22052
0.11208	0.740685
0.11216	2.96159
0.11224	2.96159
0.11232	2.22129
0.1124	2.22129
0.11248	2.96159
0.11256	3.70189
0.11264	4.4422
0.11272	4.4422
0.1128	3.70189
0.11288	2.96159
0.11296	0.740685
0.11304	-1.48022
0.11312	-2.96083
0.1132	-3.70113
0.11328	-1.48022
0.11336	3.82402E-4
0.11344	3.82402E-4
0.11352	3.82402E-4
0.1136	-0.73992
0.11368	3.82402E-4
0.11376	3.82402E-4
0.11384	1.48099
0.11392	1.48099
0.114	3.82402E-4
0.11408	-2.22052
0.11416	-5.92204
0.11424	-8.14294
0.11432	-10.3638
0.1144	-10.3638
0.11448	-8.14294
0.11456	-5.92204
0.11464	-3.70113
0.11472	-2.22052
0.1148	-2.96083
0.11488	-4.44143
0.11496	-5.18173
0.11504	-5.92204
0.11512	-4.44143
0.1152	-2.96083
0.11528	-2.22052
0.11536	-2.22052
0.11544	-2.22052
0.11552	-2.96083
0.1156	-5.18173
0.11568	-6.66234
0.11576	-6.66234
0.11584	-5.92204
0.11592	-4.44143
0.116	-2.22052
0.11608	-0.73992
0.11616	-0.73992
0.11624	-2.96083
0.11632	-5.18173
0.1164	-6.66234
0.11648	-5.92204
0.11656	-2.22052
0.11664	1.48099
0.11672	5.1825
0.1168	5.1825
0.11688	4.4422
0.11696	2.22129
0.11704	2.22129
0.11712	2.22129
0.1172	2.22129
0.11728	2.22129
0.11736	2.22129
0.11744	2.22129
0.11752	2.22129
0.1176	1.48099
0.11768	0.740685
0.11776	-0.73992
0.11784	-2.22052
0.11792	-3.70113
0.118	-4.44143
0.11808	-5.18173
0.11816	-2.96083
0.11824	3.82402E-4
0.11832	3.70189
0.1184	6.6631
0.11848	5.9228
0.11856	2.22129
0.11864	-0.73992
0.11872	-4.44143
0.1188	-5.18173
0.11888	-4.44143
0.11896	-3.70113
0.11904	-0.73992
0.11912	0.740685
0.1192	2.22129
0.11928	3.70189
0.11936	2.22129
0.11944	3.82402E-4
0.11952	-2.22052
0.1196	-2.96083
0.11968	-1.48022
0.11976	1.48099
0.11984	2.96159
0.11992	2.96159
0.12	0.740685
0.12008	-2.22052
0.12016	-2.96083
0.12024	-2.22052
0.12032	-0.73992
0.1204	3.82402E-4
0.12048	3.82402E-4
0.12056	-1.48022
0.12064	-2.96083
0.12072	-4.44143
0.1208	-5.18173
0.12088	-5.18173
0.12096	-5.18173
0.12104	-4.44143
0.12112	-3.70113
0.1212	-2.22052
0.12128	-2.22052
0.12136	-2.96083
0.12144	-5.92204
0.12152	-8.14294
0.1216	-9.62355
0.12168	-8.88325
0.12176	-6.66234
0.12184	-3.70113
0.12192	-1.48022
0.122	-1.48022
0.12208	-0.73992
0.12216	-0.73992
0.12224	3.82402E-4
0.12232	-0.73992
0.1224	-2.22052
0.12248	-4.44143
0.12256	-5.92204
0.12264	-6.66234
0.12272	-5.18173
0.1228	-4.44143
0.12288	-2.96083
0.12296	-2.22052
0.12304	-1.48022
0.12312	3.82402E-4
0.1232	2.22129
0.12328	3.70189
0.12336	4.4422
0.12344	2.96159
0.12352	3.82402E-4
0.1236	-2.96083
0.12368	-4.44143
0.12376	-5.18173
0.12384	-4.44143
0.12392	-3.70113
0.124	-1.48022
0.12408	-0.73992
0.12416	0.740685
0.12424	0.740685
0.12432	0.740685
0.1244	-0.73992
0.12448	-1.48022
0.12456	-2.22052
0.12464	-2.22052
0.12472	-2.22052
0.1248	-2.96083
0.12488	-4.44143
0.12496	-5.18173
0.12504	-5.92204
0.12512	-5.18173
0.1252	-2.96083
0.12528	3.82402E-4
0.12536	2.22129
0.12544	2.96159
0.12552	2.22129
0.1256	3.82402E-4
0.12568	-2.22052
0.12576	-2.96083
0.12584	-3.70113
0.12592	-3.70113
0.126	-3.70113
0.12608	-2.96083
0.12616	-2.96083
0.12624	-2.22052
0.12632	-2.22052
0.1264	-0.73992
0.12648	3.82402E-4
0.12656	0.740685
0.12664	1.48099
0.12672	1.48099
0.1268	1.48099
0.12688	0.740685
0.12696	-1.48022
0.12704	-3.70113
0.12712	-5.18173
0.1272	-5.92204
0.12728	-5.92204
0.12736	-4.44143
0.12744	-2.96083
0.12752	3.82402E-4
0.1276	1.48099
0.12768	3.70189
0.12776	5.1825
0.12784	5.1825
0.12792	3.70189
0.128	3.82402E-4
0.12808	-3.70113
0.12816	-5.18173
0.12824	-5.18173
0.12832	-3.70113
0.1284	-2.96083
0.12848	-2.22052
0.12856	-1.48022
0.12864	-1.48022
0.12872	-0.73992
0.1288	-0.73992
0.12888	-1.48022
0.12896	-2.22052
0.12904	-2.22052
0.12912	-2.96083
0.1292	-2.22052
0.12928	-2.22052
0.12936	-2.22052
0.12944	-0.73992
0.12952	3.82402E-4
0.1296	0.740685
0.12968	1.48099
0.12976	0.740685
0.12984	3.82402E-4
0.12992	-0.73992
0.13	-2.22052
0.13008	-2.96083
0.13016	-2.96083
0.13024	-2.22052
0.13032	3.82402E-4
0.1304	1.48099
0.13048	2.96159
0.13056	2.22129
0.13064	0.740685
0.13072	0.740685
0.1308	3.82402E-4
0.13088	0.740685
0.13096	3.82402E-4
0.13104	0.740685
0.13112	3.82402E-4
0.1312	-1.48022
0.13128	-2.22052
0.13136	-2.96083
0.13144	-2.96083
0.13152	-1.48022
0.1316	0.740685
0.13168	1.48099
0.13176	1.48099
0.13184	0.740685
0.13192	-0.73992
0.132	-2.96083
0.13208	-3.70113
0.13216	-2.96083
0.13224	-2.22052
0.13232	-1.48022
0.1324	-0.73992
0.13248	3.82402E-4
0.13256	-1.48022
0.13264	-2.22052
0.13272	-2.22052
0.1328	-1.48022
0.13288	3.82402E-4
0.13296	2.22129
0.13304	2.96159
0.13312	2.96159
0.1332	2.22129
0.13328	0.740685
0.13336	-0.73992
0.13344	-1.48022
0.13352	-2.22052
0.1336	-1.48022
0.13368	-0.73992
0.13376	-0.73992
0.13384	3.82402E-4
0.13392	-0.73992
0.134	-0.73992
0.13408	-1.48022
0.13416	-0.73992
0.13424	3.82402E-4
0.13432	0.740685
0.1344	1.48099
0.13448	0.740685
0.13456	3.82402E-4
0.13464	-1.48022
0.13472	-1.48022
0.1348	-0.73992
0.13488	0.740685
0.13496	0.740685
0.13504	0.740685
0.13512	-0.73992
0.1352	-1.48022
0.13528	-1.48022
0.13536	-0.73992
0.13544	3.82402E-4
0.13552	0.740685
0.1356	1.48099
0.13568	1.48099
0.13576	1.48099
0.13584	2.22129
0.13592	2.22129
0.136	2.22129
0.13608	1.48099
0.13616	0.740685
0.13624	0.740685
0.13632	3.82402E-4
0.1364	-0.73992
0.13648	3.82402E-4
0.13656	3.82402E-4
0.13664	0.740685
0.13672	0.740685
0.1368	0.740685
0.13688	3.82402E-4
0.13696	3.82402E-4
0.13704	-0.73992
0.13712	3.82402E-4
0.1372	-0.73992
0.13728	-1.48022
0.13736	-3.70113
0.13744	-4.44143
0.13752	-4.44143
0.1376	-3.70113
0.13768	-2.22052
0.13776	-0.73992
0.13784	0.740685
0.13792	1.48099
0.138	1.48099
0.13808	2.22129
0.13816	1.48099
0.13824	0.740685
0.13832	0.740685
0.1384	0.740685
0.13848	0.740685
0.13856	0.740685
0.13864	0.740685
0.13872	0.740685
0.1388	1.48099
0.13888	2.22129
0.13896	2.22129
0.13904	2.96159
0.13912	2.96159
0.1392	2.96159
0.13928	2.96159
0.13936	2.22129
0.13944	1.48099
0.13952	0.740685
0.1396	0.740685
0.13968	0.740685
0.13976	1.48099
0.13984	1.48099
0.13992	0.740685
0.14	3.82402E-4
0.14008	3.82402E-4
0.14016	0.740685
0.14024	2.96159
0.14032	4.4422
0.1404	5.1825
0.14048	4.4422
0.14056	3.70189
0.14064	2.22129
0.14072	2.22129
0.1408	1.48099
0.14088	1.48099
0.14096	0.740685
0.14104	3.82402E-4
0.14112	0.740685
0.1412	0.740685
0.14128	0.740685
0.14136	2.22129
0.14144	2.22129
0.14152	2.22129
0.1416	2.22129
0.14168	2.22129
0.14176	2.96159
0.14184	2.22129
0.14192	2.22129
0.142	0.740685
0.14208	0.740685
0.14216	3.82402E-4
0.14224	3.82402E-4
0.14232	3.82402E-4
0.1424	3.82402E-4
0.14248	3.82402E-4
0.14256	0.740685
0.14264	3.82402E-4
0.14272	3.82402E-4
0.1428	0.740685
0.14288	1.48099
0.14296	2.96159
0.14304	3.70189
0.14312	2.96159
0.1432	2.96159
0.14328	2.22129
0.14336	1.48099
0.14344	1.48099
0.14352	0.740685
0.1436	0.740685
0.14368	0.740685
0.14376	1.48099
0.14384	2.22129
0.14392	3.70189
0.144	5.1825
0.14408	5.1825
0.14416	5.9228
0.14424	5.1825
0.14432	3.70189
0.1444	2.22129
0.14448	1.48099
0.14456	0.740685
0.14464	0.740685
0.14472	0.740685
0.1448	1.48099
0.14488	1.48099
0.14496	1.48099
0.14504	1.48099
0.14512	2.22129
0.1452	2.96159
0.14528	3.70189
0.14536	3.70189
0.14544	2.96159
0.14552	2.22129
0.1456	2.22129
0.14568	2.22129
0.14576	2.96159
0.14584	3.70189
0.14592	2.96159
0.146	2.22129
0.14608	1.48099
0.14616	0.740685
0.14624	1.48099
0.14632	2.22129
0.1464	2.22129
0.14648	0.740685
0.14656	0.740685
0.14664	0.740685
0.14672	0.740685
0.1468	1.48099
0.14688	1.48099
0.14696	1.48099
0.14704	1.48099
0.14712	2.22129
0.1472	2.22129
0.14728	1.48099
0.14736	0.740685
0.14744	0.740685
0.14752	1.48099
0.1476	1.48099
0.14768	2.22129
0.14776	0.740685
0.14784	0.740685
0.14792	0.740685
0.148	3.82402E-4
0.14808	3.82402E-4
0.14816	3.82402E-4
0.14824	0.740685
0.14832	1.48099
0.1484	2.22129
0.14848	2.96159
0.14856	2.22129
0.14864	1.48099
0.14872	0.740685
0.1488	-0.73992
0.14888	-1.48022
0.14896	-1.48022
0.14904	-1.48022
0.14912	3.82402E-4
0.1492	0.740685
0.14928	0.740685
0.14936	1.48099
0.14944	2.22129
0.14952	2.22129
0.1496	2.22129
0.14968	2.96159
0.14976	2.22129
0.14984	1.48099
0.14992	3.82402E-4
0.15	3.82402E-4
0.15008	-0.73992
0.15016	-1.48022
0.15024	-2.96083
0.15032	-4.44143
0.1504	-5.18173
0.15048	-3.70113
0.15056	-1.48022
0.15064	0.740685
0.15072	1.48099
0.1508	2.22129
0.15088	3.70189
0.15096	3.70189
0.15104	3.70189
0.15112	2.96159
0.1512	2.22129
0.15128	1.48099
0.15136	0.740685
0.15144	3.82402E-4
0.15152	-0.73992
0.1516	-2.22052
0.15168	-1.48022
0.15176	-2.22052
0.15184	-2.22052
0.15192	-1.48022
0.152	-2.22052
0.15208	-2.22052
0.15216	-1.48022
0.15224	3.82402E-4
0.15232	2.22129
0.1524	2.96159
0.15248	2.96159
0.15256	2.22129
0.15264	3.82402E-4
0.15272	3.82402E-4
0.1528	3.82402E-4
0.15288	3.82402E-4
0.15296	-0.73992
0.15304	-1.48022
0.15312	-1.48022
0.1532	-1.48022
0.15328	-1.48022
0.15336	-0.73992
0.15344	-1.48022
0.15352	-1.48022
0.1536	-0.73992
0.15368	3.82402E-4
0.15376	0.740685
0.15384	0.740685
0.15392	0.740685
0.154	3.82402E-4
0.15408	3.82402E-4
0.15416	-0.73992
0.15424	-1.48022
0.15432	-2.22052
0.1544	-1.48022
0.15448	-0.73992
0.15456	-0.73992
0.15464	3.82402E-4
0.15472	0.740685
0.1548	0.740685
0.15488	0.740685
0.15496	0.740685
0.15504	3.82402E-4
0.15512	-0.73992
0.1552	-2.22052
0.15528	-2.96083
0.15536	-3.70113
0.15544	-3.70113
0.15552	-2.96083
0.1556	-2.22052
0.15568	3.82402E-4
0.15576	0.740685
0.15584	2.96159
0.15592	3.70189
0.156	4.4422
0.15608	3.70189
0.15616	2.22129
0.15624	-0.73992
0.15632	-2.96083
0.1564	-4.44143
0.15648	-5.18173
0.15656	-4.44143
0.15664	-2.22052
0.15672	-0.73992
0.1568	0.740685
0.15688	1.48099
0.15696	2.96159
0.15704	2.96159
0.15712	2.22129
0.1572	0.740685
0.15728	-0.73992
0.15736	-2.22052
0.15744	-2.96083
0.15752	-3.70113
0.1576	-2.96083
0.15768	-2.22052
0.15776	-1.48022
0.15784	3.82402E-4
0.15792	1.48099
0.158	2.22129
0.15808	2.22129
0.15816	0.740685
0.15824	3.82402E-4
0.15832	-0.73992
0.1584	-1.48022
0.15848	-1.48022
0.15856	-1.48022
0.15864	-1.48022
0.15872	-1.48022
0.1588	0.740685
0.15888	1.48099
0.15896	2.22129
0.15904	1.48099
0.15912	3.82402E-4
0.1592	-0.73992
0.15928	-1.48022
0.15936	-2.22052
0.15944	-2.22052
0.15952	-2.22052
0.1596	-2.96083
0.15968	-2.96083
0.15976	-2.22052
0.15984	3.82402E-4
0.15992	0.740685
0.16	2.22129
0.16008	2.96159
0.16016	3.70189
0.16024	2.96159
0.16032	2.22129
0.1604	1.48099
0.16048	-0.73992
0.16056	-1.48022
0.16064	-1.48022
0.16072	-0.73992
0.1608	0.740685
0.16088	0.740685
0.16096	1.48099
0.16104	1.48099
0.16112	0.740685
0.1612	0.740685
0.16128	0.740685
0.16136	1.48099
0.16144	0.740685
0.16152	-0.73992
0.1616	-0.73992
0.16168	-0.73992
0.16176	3.82402E-4
0.16184	0.740685
0.16192	0.740685
0.162	0.740685
0.16208	1.48099
0.16216	2.22129
0.16224	2.22129
0.16232	1.48099
0.1624	1.48099
0.16248	0.740685
0.16256	0.740685
0.16264	0.740685
0.16272	3.82402E-4
0.1628	0.740685
0.16288	3.82402E-4
0.16296	0.740685
0.16304	0.740685
0.16312	3.82402E-4
0.1632	3.82402E-4
0.16328	3.82402E-4
0.16336	3.82402E-4
0.16344	3.82402E-4
0.16352	3.82402E-4
0.1636	3.82402E-4
0.16368	0.740685
0.16376	2.22129
0.16384	2.22129
0.16392	2.22129
0.164	1.48099
0.16408	3.82402E-4
0.16416	-0.73992
0.16424	-0.73992
0.16432	-0.73992
0.1644	-0.73992
0.16448	-0.73992
0.16456	0.740685
0.16464	0.740685
0.16472	0.740685
0.1648	0.740685
0.16488	3.82402E-4
0.16496	3.82402E-4
0.16504	-0.73992
0.16512	-0.73992
0.1652	-0.73992
0.16528	-0.73992
0.16536	-0.73992
0.16544	-0.73992
0.16552	3.82402E-4
0.1656	3.82402E-4
0.16568	0.740685
0.16576	0.740685
0.16584	0.740685
0.16592	0.740685
0.166	0.740685
0.16608	0.740685
0.16616	0.740685
0.16624	0.740685
0.16632	0.740685
0.1664	3.82402E-4
0.16648	-0.73992
0.16656	-0.73992
0.16664	-0.73992
0.16672	-0.73992
0.1668	-1.48022
0.16688	-1.48022
0.16696	-2.22052
0.16704	-1.48022
0.16712	-0.73992
0.1672	-0.73992
0.16728	0.740685
0.16736	0.740685
0.16744	1.48099
0.16752	1.48099
0.1676	0.740685
0.16768	0.740685
0.16776	-0.73992
0.16784	-1.48022
0.16792	-2.96083
0.168	-3.70113
0.16808	-3.70113
0.16816	-2.96083
0.16824	-1.48022
0.16832	0.740685
0.1684	2.96159
0.16848	3.70189
0.16856	3.70189
0.16864	2.96159
0.16872	0.740685
0.1688	-0.73992
0.16888	-2.96083
0.16896	-3.70113
0.16904	-3.70113
0.16912	-2.96083
0.1692	-1.48022
0.16928	3.82402E-4
0.16936	1.48099
0.16944	2.22129
0.16952	3.70189
0.1696	4.4422
0.16968	4.4422
0.16976	3.70189
0.16984	2.22129
0.16992	0.740685
0.17	-0.73992
0.17008	-2.22052
0.17016	-2.22052
0.17024	-2.22052
0.17032	-2.22052
0.1704	-0.73992
0.17048	3.82402E-4
0.17056	0.740685
0.17064	2.22129
0.17072	2.96159
0.1708	3.70189
0.17088	2.96159
0.17096	1.48099
0.17104	0.740685
0.17112	-0.73992
0.1712	3.82402E-4
0.17128	3.82402E-4
0.17136	1.48099
0.17144	2.22129
0.17152	2.96159
0.1716	2.96159
0.17168	2.96159
0.17176	2.22129
0.17184	2.22129
0.17192	2.22129
0.172	1.48099
0.17208	1.48099
0.17216	0.740685
0.17224	0.740685
0.17232	3.82402E-4
0.1724	0.740685
0.17248	0.740685
0.17256	1.48099
0.17264	1.48099
0.17272	2.22129
0.1728	2.22129
0.17288	2.22129
0.17296	2.22129
0.17304	2.22129
0.17312	2.22129
0.1732	2.22129
0.17328	1.48099
0.17336	1.48099
0.17344	1.48099
0.17352	0.740685
0.1736	1.48099
0.17368	1.48099
0.17376	1.48099
0.17384	0.740685
0.17392	0.740685
0.174	0.740685
0.17408	0.740685
0.17416	0.740685
0.17424	1.48099
0.17432	2.22129
0.1744	2.96159
0.17448	3.70189
0.17456	2.96159
0.17464	2.22129
0.17472	1.48099
0.1748	1.48099
0.17488	0.740685
0.17496	0.740685
0.17504	3.82402E-4
0.17512	-0.73992
0.1752	-0.73992
0.17528	-0.73992
0.17536	0.740685
0.17544	0.740685
0.17552	2.22129
0.1756	2.96159
0.17568	2.96159
0.17576	2.96159
0.17584	2.22129
0.17592	1.48099
0.176	0.740685
0.17608	-0.73992
0.17616	-0.73992
0.17624	-0.73992
0.17632	-0.73992
0.1764	3.82402E-4
0.17648	0.740685
0.17656	2.22129
0.17664	2.22129
0.17672	2.96159
0.1768	3.70189
0.17688	2.96159
0.17696	2.22129
0.17704	0.740685
0.17712	3.82402E-4
0.1772	-0.73992
0.17728	-0.73992
0.17736	-0.73992
0.17744	-0.73992
0.17752	3.82402E-4
0.1776	0.740685
0.17768	1.48099
0.17776	2.22129
0.17784	2.96159
0.17792	2.22129
0.178	1.48099
0.17808	0.740685
0.17816	0.740685
0.17824	0.740685
0.17832	0.740685
0.1784	0.740685
0.17848	0.740685
0.17856	0.740685
0.17864	2.22129
0.17872	2.22129
0.1788	2.22129
0.17888	2.96159
0.17896	2.96159
0.17904	2.96159
0.17912	2.22129
0.1792	0.740685
0.17928	0.740685
0.17936	3.82402E-4
0.17944	0.740685
0.17952	0.740685
0.1796	1.48099
0.17968	1.48099
0.17976	1.48099
0.17984	1.48099
0.17992	1.48099
0.18	1.48099
0.18008	1.48099
0.18016	1.48099
0.18024	1.48099
0.18032	1.48099
0.1804	0.740685
0.18048	0.740685
0.18056	0.740685
0.18064	0.740685
0.18072	1.48099
0.1808	1.48099
0.18088	2.22129
0.18096	1.48099
0.18104	2.22129
0.18112	1.48099
0.1812	1.48099
0.18128	1.48099
0.18136	2.22129
0.18144	2.22129
0.18152	2.22129
0.1816	2.96159
0.18168	2.96159
0.18176	2.22129
0.18184	2.22129
0.18192	2.22129
0.182	2.22129
0.18208	0.740685
0.18216	0.740685
0.18224	0.740685
0.18232	1.48099
0.1824	2.22129
0.18248	2.22129
0.18256	2.96159
0.18264	2.96159
0.18272	2.96159
0.1828	2.96159
0.18288	2.96159
0.18296	2.22129
0.18304	2.22129
0.18312	2.22129
0.1832	1.48099
0.18328	0.740685
0.18336	0.740685
0.18344	1.48099
0.18352	2.22129
0.1836	2.96159
0.18368	3.70189
0.18376	4.4422
0.18384	4.4422
0.18392	3.70189
0.184	2.96159
0.18408	2.96159
0.18416	2.22129
0.18424	2.22129
0.18432	2.22129
0.1844	2.22129
0.18448	2.96159
0.18456	2.96159
0.18464	2.96159
0.18472	2.96159
0.1848	2.96159
0.18488	2.96159
0.18496	2.96159
0.18504	2.96159
0.18512	2.96159
0.1852	2.22129
0.18528	1.48099
0.18536	1.48099
0.18544	1.48099
0.18552	1.48099
0.1856	2.22129
0.18568	2.22129
0.18576	2.22129
0.18584	2.22129
0.18592	2.22129
0.186	1.48099
0.18608	1.48099
0.18616	1.48099
0.18624	2.96159
0.18632	2.96159
0.1864	2.96159
0.18648	2.96159
0.18656	2.22129
0.18664	2.22129
0.18672	1.48099
0.1868	1.48099
0.18688	1.48099
0.18696	2.22129
0.18704	2.22129
0.18712	2.96159
0.1872	2.96159
0.18728	2.22129
0.18736	2.22129
0.18744	2.22129
0.18752	2.96159
0.1876	2.22129
0.18768	2.22129
0.18776	2.22129
0.18784	2.22129
0.18792	1.48099
0.188	2.22129
0.18808	2.96159
0.18816	2.96159
0.18824	3.70189
0.18832	3.70189
0.1884	2.96159
0.18848	2.22129
0.18856	1.48099
0.18864	1.48099
0.18872	1.48099
0.1888	1.48099
0.18888	2.22129
0.18896	1.48099
0.18904	2.22129
0.18912	2.22129
0.1892	2.22129
0.18928	1.48099
0.18936	1.48099
0.18944	1.48099
0.18952	1.48099
0.1896	2.22129
0.18968	1.48099
0.18976	1.48099
0.18984	0.740685
0.18992	0.740685
0.19	1.48099
0.19008	2.22129
0.19016	2.96159
0.19024	2.96159
0.19032	2.96159
0.1904	2.22129
0.19048	2.22129
0.19056	2.22129
0.19064	1.48099
0.19072	1.48099
0.1908	1.48099
0.19088	0.740685
0.19096	0.740685
0.19104	1.48099
0.19112	1.48099
0.1912	1.48099
0.19128	1.48099
0.19136	1.48099
0.19144	1.48099
0.19152	1.48099
0.1916	0.740685
0.19168	1.48099
0.19176	1.48099
0.19184	2.22129
0.19192	2.22129
0.192	2.22129
0.19208	2.22129
0.19216	2.22129
0.19224	2.22129
0.19232	2.22129
0.1924	2.22129
0.19248	1.48099
0.19256	1.48099
0.19264	1.48099
0.19272	0.740685
0.1928	1.48099
0.19288	1.48099
0.19296	2.22129
0.19304	2.22129
0.19312	2.22129
0.1932	2.96159
0.19328	2.96159
0.19336	2.96159
0.19344	2.22129
0.19352	2.22129
0.1936	1.48099
0.19368	0.740685
0.19376	0.740685
0.19384	1.48099
0.19392	1.48099
0.194	2.22129
0.19408	2.96159
0.19416	2.22129
0.19424	2.96159
0.19432	2.22129
0.1944	2.22129
0.19448	2.22129
0.19456	2.22129
0.19464	1.48099
0.19472	0.740685
0.1948	0.740685
0.19488	0.740685
0.19496	0.740685
0.19504	2.22129
0.19512	2.22129
0.1952	2.96159
0.19528	2.96159
0.19536	2.96159
0.19544	2.96159
0.19552	2.22129
0.1956	2.22129
0.19568	1.48099
0.19576	0.740685
0.19584	0.740685
0.19592	0.740685
0.196	1.48099
0.19608	1.48099
0.19616	2.22129
0.19624	2.96159
0.19632	2.96159
0.1964	2.96159
0.19648	2.96159
0.19656	2.22129
0.19664	1.48099
0.19672	1.48099
0.1968	0.740685
0.19688	0.740685
0.19696	0.740685
0.19704	0.740685
0.19712	1.48099
0.1972	2.22129
0.19728	2.96159
0.19736	2.96159
0.19744	2.22129
0.19752	2.22129
0.1976	2.22129
0.19768	0.740685
0.19776	0.740685
0.19784	0.740685
0.19792	0.740685
0.198	0.740685
0.19808	0.740685
0.19816	0.740685
0.19824	2.22129
0.19832	2.22129
0.1984	2.22129
0.19848	1.48099
0.19856	2.22129
0.19864	1.48099
0.19872	0.740685
0.1988	0.740685
0.19888	0.740685
0.19896	0.740685
0.19904	0.740685
0.19912	1.48099
0.1992	2.22129
0.19928	2.22129
0.19936	2.22129
0.19944	2.22129
0.19952	1.48099
0.1996	1.48099
0.19968	0.740685
0.19976	0.740685
0.19984	0.740685
0.19992	0.740685
0.2	1.48099
0.20008	1.48099
0.20016	2.22129
0.20024	2.22129
0.20032	2.22129
0.2004	2.22129
0.20048	1.48099
0.20056	1.48099
0.20064	1.48099
0.20072	1.48099
0.2008	0.740685
0.20088	0.740685
0.20096	0.740685
0.20104	1.48099
0.20112	2.22129
0.2012	2.96159
0.20128	2.22129
0.20136	2.96159
0.20144	2.22129
0.20152	2.22129
0.2016	1.48099
0.20168	1.48099
0.20176	0.740685
0.20184	0.740685
0.20192	0.740685
0.202	0.740685
0.20208	1.48099
0.20216	2.22129
0.20224	2.96159
0.20232	2.96159
0.2024	2.22129
0.20248	1.48099
0.20256	1.48099
0.20264	1.48099
0.20272	0.740685
0.2028	0.740685
0.20288	0.740685
0.20296	0.740685
0.20304	1.48099
0.20312	2.22129
0.2032	2.22129
0.20328	2.22129
0.20336	2.22129
0.20344	2.96159
0.20352	2.22129
0.2036	2.22129
0.20368	2.22129
0.20376	0.740685
0.20384	0.740685
0.20392	0.740685
0.204	1.48099
0.20408	1.48099
0.20416	2.22129
0.20424	2.22129
0.20432	2.96159
0.2044	2.22129
0.20448	2.22129
0.20456	2.22129
0.20464	2.22129
0.20472	2.22129
0.2048	2.22129
0.20488	1.48099
0.20496	2.22129
0.20504	2.22129
0.20512	1.48099
0.2052	2.22129
0.20528	2.22129
0.20536	2.22129
0.20544	2.22129
0.20552	2.22129
0.2056	2.22129
0.20568	2.22129
0.20576	2.96159
0.20584	2.96159
0.20592	2.96159
0.206	2.96159
0.20608	2.96159
0.20616	3.70189
0.20624	2.96159
0.20632	2.96159
0.2064	2.22129
0.20648	2.22129
0.20656	1.48099
0.20664	1.48099
0.20672	2.22129
0.2068	2.96159
0.20688	2.96159
0.20696	3.70189
0.20704	3.70189
0.20712	3.70189
0.2072	2.96159
0.20728	2.96159
0.20736	2.22129
0.20744	2.22129
0.20752	2.22129
0.2076	2.22129
0.20768	2.22129
0.20776	2.96159
0.20784	2.96159
0.20792	2.96159
0.208	2.96159
0.20808	2.96159
0.20816	2.96159
0.20824	2.96159
0.20832	2.96159
0.2084	2.96159
0.20848	2.22129
0.20856	2.22129
0.20864	2.22129
0.20872	2.22129
0.2088	2.22129
0.20888	2.22129
0.20896	2.96159
0.20904	2.22129
0.20912	2.22129
0.2092	2.22129
0.20928	2.22129
0.20936	2.22129
0.20944	1.48099
0.20952	2.22129
0.2096	1.48099
0.20968	2.22129
0.20976	2.22129
0.20984	2.22129
0.20992	2.22129
0.21	2.22129
0.21008	1.48099
0.21016	1.48099
0.21024	2.22129
0.21032	2.22129
0.2104	2.22129
0.21048	2.22129
0.21056	2.22129
0.21064	2.22129
0.21072	2.22129
0.2108	2.22129
0.21088	2.22129
0.21096	2.22129
0.21104	1.48099
0.21112	1.48099
0.2112	1.48099
0.21128	0.740685
0.21136	0.740685
0.21144	0.740685
0.21152	1.48099
0.2116	2.22129
0.21168	2.22129
0.21176	2.22129
0.21184	1.48099
0.21192	1.48099
0.212	1.48099
0.21208	2.22129
0.21216	2.22129
0.21224	1.48099
0.21232	0.740685
0.2124	0.740685
0.21248	1.48099
0.21256	1.48099
0.21264	0.740685
0.21272	0.740685
0.2128	0.740685
0.21288	0.740685
0.21296	2.22129
0.21304	2.96159
0.21312	2.96159
0.2132	2.96159
0.21328	2.96159
0.21336	2.22129
0.21344	2.22129
0.21352	0.740685
0.2136	0.740685
0.21368	0.740685
0.21376	0.740685
0.21384	1.48099
0.21392	1.48099
0.214	2.22129
0.21408	2.96159
0.21416	3.70189
0.21424	3.70189
0.21432	2.96159
0.2144	2.22129
0.21448	3.82402E-4
0.21456	-0.73992
0.21464	-0.73992
0.21472	3.82402E-4
0.2148	0.740685
0.21488	1.48099
0.21496	2.22129
0.21504	2.22129
0.21512	2.22129
0.2152	2.96159
0.21528	2.96159
0.21536	2.22129
0.21544	2.22129
0.21552	2.22129
0.2156	1.48099
0.21568	1.48099
0.21576	0.740685
0.21584	1.48099
0.21592	1.48099
0.216	1.48099
0.21608	2.22129
0.21616	2.22129
0.21624	2.22129
0.21632	2.96159
0.2164	2.22129
0.21648	1.48099
0.21656	0.740685
0.21664	3.82402E-4
0.21672	0.740685
0.2168	0.740685
0.21688	1.48099
0.21696	1.48099
0.21704	0.740685
0.21712	0.740685
0.2172	0.740685
0.21728	0.740685
0.21736	2.22129
0.21744	2.22129
0.21752	2.22129
0.2176	2.96159
0.21768	2.96159
0.21776	3.70189
0.21784	3.70189
0.21792	3.70189
0.218	2.96159
0.21808	2.22129
0.21816	1.48099
0.21824	0.740685
0.21832	0.740685
0.2184	0.740685
0.21848	1.48099
0.21856	1.48099
0.21864	2.22129
0.21872	2.96159
0.2188	2.96159
0.21888	2.22129
0.21896	2.22129
0.21904	2.22129
0.21912	1.48099
0.2192	1.48099
0.21928	2.22129
0.21936	1.48099
0.21944	2.22129
0.21952	1.48099
0.2196	2.22129
0.21968	2.22129
0.21976	2.96159
0.21984	2.96159
0.21992	2.96159
0.22	2.96159
0.22008	2.96159
0.22016	2.96159
0.22024	2.22129
0.22032	2.22129
0.2204	1.48099
0.22048	1.48099
0.22056	2.22129
0.22064	2.22129
0.22072	2.96159
0.2208	2.22129
0.22088	2.22129
0.22096	2.22129
0.22104	2.22129
0.22112	2.22129
0.2212	2.96159
0.22128	3.70189
0.22136	3.70189
0.22144	2.96159
0.22152	2.96159
0.2216	2.96159
0.22168	2.22129
0.22176	2.22129
0.22184	2.22129
0.22192	2.22129
0.222	2.22129
0.22208	2.22129
0.22216	2.22129
0.22224	2.96159
0.22232	2.96159
0.2224	2.96159
0.22248	2.22129
0.22256	2.22129
0.22264	2.22129
0.22272	2.96159
0.2228	2.96159
0.22288	2.22129
0.22296	2.22129
0.22304	2.22129
0.22312	2.22129
0.2232	2.22129
0.22328	2.96159
0.22336	2.96159
0.22344	2.96159
0.22352	3.70189
0.2236	3.70189
0.22368	3.70189
0.22376	2.96159
0.22384	2.22129
0.22392	2.22129
0.224	2.96159
0.22408	2.96159
0.22416	3.70189
0.22424	2.96159
0.22432	2.96159
0.2244	2.22129
0.22448	2.22129
0.22456	2.22129
0.22464	2.22129
0.22472	2.96159
0.2248	2.96159
0.22488	2.96159
0.22496	2.96159
0.22504	2.22129
0.22512	2.96159
0.2252	2.22129
0.22528	2.96159
0.22536	2.96159
0.22544	2.22129
0.22552	2.22129
0.2256	2.22129
0.22568	2.22129
0.22576	2.22129
0.22584	2.22129
0.22592	1.48099
0.226	1.48099
0.22608	2.22129
0.22616	2.22129
0.22624	2.22129
0.22632	2.22129
0.2264	2.22129
0.22648	1.48099
0.22656	1.48099
0.22664	1.48099
0.22672	1.48099
0.2268	0.740685
0.22688	0.740685
0.22696	1.48099
0.22704	1.48099
0.22712	2.22129
0.2272	1.48099
0.22728	2.22129
0.22736	2.22129
0.22744	1.48099
0.22752	0.740685
0.2276	0.740685
0.22768	1.48099
0.22776	0.740685
0.22784	0.740685
0.22792	1.48099
0.228	1.48099
0.22808	1.48099
0.22816	1.48099
0.22824	1.48099
0.22832	1.48099
0.2284	2.22129
0.22848	2.22129
0.22856	2.22129
0.22864	1.48099
0.22872	0.740685
0.2288	0.740685
0.22888	0.740685
0.22896	0.740685
0.22904	1.48099
0.22912	1.48099
0.2292	2.22129
0.22928	1.48099
0.22936	1.48099
0.22944	1.48099
0.22952	1.48099
0.2296	0.740685
0.22968	1.48099
0.22976	1.48099
0.22984	1.48099
0.22992	1.48099
0.23	1.48099
0.23008	1.48099
0.23016	1.48099
0.23024	1.48099
0.23032	0.740685
0.2304	1.48099
0.23048	1.48099
0.23056	1.48099
0.23064	2.22129
0.23072	1.48099
0.2308	1.48099
0.23088	0.740685
0.23096	1.48099
0.23104	2.22129
0.23112	2.22129
0.2312	2.22129
0.23128	2.22129
0.23136	2.22129
0.23144	1.48099
0.23152	2.22129
0.2316	2.22129
0.23168	1.48099
0.23176	1.48099
0.23184	1.48099
0.23192	0.740685
0.232	1.48099
0.23208	1.48099
0.23216	2.22129
0.23224	2.22129
0.23232	2.22129
0.2324	2.22129
0.23248	2.22129
0.23256	2.22129
0.23264	2.22129
0.23272	2.22129
0.2328	1.48099
0.23288	1.48099
0.23296	1.48099
0.23304	1.48099
0.23312	1.48099
0.2332	1.48099
0.23328	2.22129
0.23336	2.22129
0.23344	2.22129
0.23352	2.22129
0.2336	2.96159
0.23368	2.22129
0.23376	2.22129
0.23384	2.22129
0.23392	1.48099
0.234	1.48099
0.23408	1.48099
0.23416	0.740685
0.23424	1.48099
0.23432	0.740685
0.2344	1.48099
0.23448	1.48099
0.23456	1.48099
0.23464	1.48099
0.23472	1.48099
0.2348	2.22129
0.23488	2.22129
0.23496	1.48099
0.23504	1.48099
0.23512	0.740685
0.2352	1.48099
0.23528	1.48099
0.23536	1.48099
0.23544	1.48099
0.23552	2.22129
0.2356	2.22129
0.23568	2.22129
0.23576	2.22129
0.23584	2.22129
0.23592	2.22129
0.236	2.22129
0.23608	1.48099
0.23616	1.48099
0.23624	1.48099
0.23632	1.48099
0.2364	0.740685
0.23648	0.740685
0.23656	0.740685
0.23664	1.48099
0.23672	1.48099
0.2368	1.48099
0.23688	1.48099
0.23696	1.48099
0.23704	1.48099
0.23712	1.48099
0.2372	1.48099
0.23728	1.48099
0.23736	1.48099
0.23744	2.22129
0.23752	2.22129
0.2376	2.22129
0.23768	2.22129
0.23776	1.48099
0.23784	1.48099
0.23792	0.740685
0.238	0.740685
0.23808	0.740685
0.23816	1.48099
0.23824	1.48099
0.23832	1.48099
0.2384	0.740685
0.23848	1.48099
0.23856	1.48099
0.23864	1.48099
0.23872	1.48099
0.2388	1.48099
0.23888	1.48099
0.23896	1.48099
0.23904	1.48099
0.23912	1.48099
0.2392	1.48099
0.23928	1.48099
0.23936	1.48099
0.23944	2.22129
0.23952	2.22129
0.2396	2.22129
0.23968	1.48099
0.23976	1.48099
0.23984	1.48099
0.23992	2.22129
0.24	2.22129
0.24008	2.22129
0.24016	2.22129
0.24024	2.22129
0.24032	2.22129
0.2404	2.22129
0.24048	1.48099
0.24056	1.48099
0.24064	2.22129
0.24072	1.48099
0.2408	1.48099
0.24088	1.48099
0.24096	1.48099
0.24104	2.22129
0.24112	1.48099
0.2412	2.22129
0.24128	1.48099
0.24136	1.48099
0.24144	1.48099
0.24152	1.48099
0.2416	1.48099
0.24168	1.48099
0.24176	1.48099
0.24184	1.48099
0.24192	1.48099
0.242	1.48099
0.24208	1.48099
0.24216	1.48099
0.24224	2.22129
0.24232	2.22129
0.2424	2.22129
0.24248	1.48099
0.24256	1.48099
0.24264	1.48099
0.24272	1.48099
0.2428	2.22129
0.24288	2.22129
0.24296	1.48099
0.24304	1.48099
0.24312	1.48099
0.2432	1.48099
0.24328	1.48099
0.24336	2.22129
0.24344	1.48099
0.24352	1.48099
0.2436	1.48099
0.24368	1.48099
0.24376	1.48099
0.24384	1.48099
0.24392	2.22129
0.244	1.48099
0.24408	1.48099
0.24416	1.48099
0.24424	1.48099
0.24432	2.22129
0.2444	1.48099
0.24448	1.48099
0.24456	0.740685
0.24464	1.48099
0.24472	1.48099
0.2448	1.48099
0.24488	1.48099
0.24496	1.48099
0.24504	1.48099
0.24512	1.48099
0.2452	1.48099
0.24528	1.48099
0.24536	1.48099
0.24544	0.740685
0.24552	0.740685
0.2456	0.740685
0.24568	0.740685
0.24576	0.740685
0.24584	1.48099
0.24592	1.48099
0.246	1.48099
0.24608	1.48099
0.24616	1.48099
0.24624	0.740685
0.24632	0.740685
0.2464	0.740685
0.24648	3.82402E-4
0.24656	0.740685
0.24664	0.740685
0.24672	0.740685
0.2468	0.740685
0.24688	0.740685
0.24696	0.740685
0.24704	0.740685
0.24712	1.48099
0.2472	0.740685
0.24728	0.740685
0.24736	0.740685
0.24744	0.740685
0.24752	0.740685
0.2476	0.740685
0.24768	0.740685
0.24776	0.740685
0.24784	0.740685
0.24792	0.740685
0.248	0.740685
0.24808	0.740685
0.24816	1.48099
0.24824	0.740685
0.24832	0.740685
0.2484	1.48099
0.24848	1.48099
0.24856	1.48099
0.24864	1.48099
0.24872	1.48099
0.2488	1.48099
0.24888	2.22129
0.24896	1.48099
0.24904	2.22129
0.24912	1.48099
0.2492	1.48099
0.24928	1.48099
0.24936	0.740685
0.24944	0.740685
0.24952	1.48099
0.2496	1.48099
0.24968	1.48099
0.24976	2.22129
0.24984	2.22129
0.24992	2.22129
0.25	1.48099
0.25008	2.22129
0.25016	2.22129
0.25024	1.48099
0.25032	1.48099
0.2504	1.48099
0.25048	1.48099
0.25056	2.22129
0.25064	2.22129
0.25072	2.22129
0.2508	2.22129
0.25088	2.22129
0.25096	2.22129
0.25104	2.22129
0.25112	2.22129
0.2512	2.22129
0.25128	1.48099
0.25136	1.48099
0.25144	1.48099
0.25152	1.48099
0.2516	1.48099
0.25168	1.48099
0.25176	0.740685
0.25184	0.740685
0.25192	0.740685
0.252	1.48099
0.25208	1.48099
0.25216	1.48099
0.25224	1.48099
0.25232	1.48099
0.2524	1.48099
0.25248	1.48099
0.25256	0.740685
0.25264	0.740685
0.25272	0.740685
0.2528	0.740685
0.25288	0.740685
0.25296	0.740685
0.25304	0.740685
0.25312	0.740685
0.2532	0.740685
0.25328	1.48099
0.25336	1.48099
0.25344	0.740685
0.25352	0.740685
0.2536	0.740685
0.25368	0.740685
0.25376	0.740685
0.25384	1.48099
0.25392	1.48099
0.254	2.22129
0.25408	1.48099
0.25416	1.48099
0.25424	2.22129
0.25432	1.48099
0.2544	1.48099
0.25448	1.48099
0.25456	0.740685
0.25464	0.740685
0.25472	0.740685
0.2548	0.740685
0.25488	0.740685
0.25496	0.740685
0.25504	0.740685
0.25512	0.740685
0.2552	0.740685
0.25528	0.740685
0.25536	0.740685
0.25544	0.740685
0.25552	0.740685
0.2556	0.740685
0.25568	0.740685
0.25576	0.740685
0.25584	0.740685
0.25592	0.740685
0.256	0.740685
0.25608	0.740685
0.25616	0.740685
0.25624	1.48099
0.25632	1.48099
0.2564	0.740685
0.25648	0.740685
0.25656	0.740685
0.25664	0.740685
0.25672	0.740685
0.2568	0.740685
0.25688	0.740685
0.25696	0.740685
0.25704	0.740685
0.25712	0.740685
0.2572	1.48099
0.25728	0.740685
0.25736	0.740685
0.25744	0.740685
0.25752	0.740685
0.2576	0.740685
0.25768	0.740685
0.25776	0.740685
0.25784	0.740685
0.25792	3.82402E-4
0.258	0.740685
0.25808	0.740685
0.25816	0.740685
0.25824	0.740685
0.25832	0.740685
0.2584	1.48099
0.25848	1.48099
0.25856	1.48099
0.25864	1.48099
0.25872	1.48099
0.2588	1.48099
0.25888	0.740685
0.25896	0.740685
0.25904	0.740685
0.25912	0.740685
0.2592	0.740685
0.25928	0.740685
0.25936	0.740685
0.25944	0.740685
0.25952	1.48099
0.2596	1.48099
0.25968	1.48099
0.25976	1.48099
0.25984	1.48099
0.25992	1.48099
0.26	1.48099
0.26008	0.740685
0.26016	0.740685
0.26024	0.740685
0.26032	0.740685
0.2604	0.740685
0.26048	0.740685
0.26056	0.740685
0.26064	0.740685
0.26072	0.740685
0.2608	0.740685
0.26088	0.740685
0.26096	1.48099
0.26104	1.48099
0.26112	1.48099
0.2612	1.48099
0.26128	1.48099
0.26136	0.740685
0.26144	1.48099
0.26152	0.740685
0.2616	0.740685
0.26168	0.740685
0.26176	0.740685
0.26184	0.740685
0.26192	0.740685
0.262	1.48099
0.26208	1.48099
0.26216	1.48099
0.26224	1.48099
0.26232	1.48099
0.2624	1.48099
0.26248	1.48099
0.26256	2.22129
0.26264	2.22129
0.26272	2.22129
0.2628	2.22129
0.26288	2.96159
0.26296	2.22129
0.26304	2.22129
0.26312	1.48099
0.2632	1.48099
0.26328	0.740685
0.26336	0.740685
0.26344	0.740685
0.26352	0.740685
0.2636	0.740685
0.26368	1.48099
0.26376	2.22129
0.26384	2.22129
0.26392	2.96159
0.264	2.22129
0.26408	2.22129
0.26416	2.22129
0.26424	1.48099
0.26432	0.740685
0.2644	0.740685
0.26448	0.740685
0.26456	3.82402E-4
0.26464	0.740685
0.26472	3.82402E-4
0.2648	0.740685
0.26488	0.740685
0.26496	1.48099
0.26504	2.22129
0.26512	2.22129
0.2652	2.22129
0.26528	2.22129
0.26536	1.48099
0.26544	0.740685
0.26552	0.740685
0.2656	0.740685
0.26568	0.740685
0.26576	0.740685
0.26584	0.740685
0.26592	0.740685
0.266	0.740685
0.26608	0.740685
0.26616	0.740685
0.26624	1.48099
0.26632	0.740685
0.2664	0.740685
0.26648	0.740685
0.26656	3.82402E-4
0.26664	0.740685
0.26672	0.740685
0.2668	3.82402E-4
0.26688	0.740685
0.26696	0.740685
0.26704	0.740685
0.26712	1.48099
0.2672	1.48099
0.26728	1.48099
0.26736	2.22129
0.26744	1.48099
0.26752	0.740685
0.2676	0.740685
0.26768	0.740685
0.26776	0.740685
0.26784	1.48099
0.26792	0.740685
0.268	1.48099
0.26808	1.48099
0.26816	1.48099
0.26824	1.48099
0.26832	1.48099
0.2684	1.48099
0.26848	0.740685
0.26856	0.740685
0.26864	0.740685
0.26872	0.740685
0.2688	0.740685
0.26888	1.48099
0.26896	0.740685
0.26904	0.740685
0.26912	1.48099
0.2692	2.22129
0.26928	2.22129
0.26936	2.22129
0.26944	1.48099
0.26952	2.22129
0.2696	1.48099
0.26968	0.740685
0.26976	2.22129
0.26984	1.48099
0.26992	0.740685
0.27	0.740685
0.27008	0.740685
0.27016	0.740685
0.27024	0.740685
0.27032	0.740685
0.2704	0.740685
0.27048	0.740685
0.27056	1.48099
0.27064	1.48099
0.27072	1.48099
0.2708	1.48099
0.27088	1.48099
0.27096	0.740685
0.27104	0.740685
0.27112	1.48099
0.2712	0.740685
0.27128	0.740685
0.27136	0.740685
0.27144	0.740685
0.27152	1.48099
0.2716	1.48099
0.27168	2.22129
0.27176	2.22129
0.27184	2.22129
0.27192	2.22129
0.272	1.48099
0.27208	0.740685
0.27216	0.740685
0.27224	0.740685
0.27232	3.82402E-4
0.2724	3.82402E-4
0.27248	0.740685
0.27256	0.740685
0.27264	1.48099
0.27272	1.48099
0.2728	2.22129
0.27288	2.22129
0.27296	1.48099
0.27304	1.48099
0.27312	1.48099
0.2732	0.740685
0.27328	0.740685
0.27336	3.82402E-4
0.27344	0.740685
0.27352	3.82402E-4
0.2736	0.740685
0.27368	0.740685
0.27376	0.740685
0.27384	0.740685
0.27392	1.48099
0.274	0.740685
0.27408	0.740685
0.27416	0.740685
0.27424	0.740685
0.27432	3.82402E-4
0.2744	3.82402E-4
0.27448	0.740685
0.27456	0.740685
0.27464	0.740685
0.27472	0.740685
0.2748	0.740685
0.27488	1.48099
0.27496	1.48099
0.27504	1.48099
0.27512	0.740685
0.2752	1.48099
0.27528	0.740685
0.27536	0.740685
0.27544	0.740685
0.27552	0.740685
0.2756	0.740685
0.27568	0.740685
0.27576	0.740685
0.27584	1.48099
0.27592	1.48099
0.276	1.48099
0.27608	1.48099
0.27616	1.48099
0.27624	1.48099
0.27632	0.740685
0.2764	1.48099
0.27648	1.48099
0.27656	0.740685
0.27664	0.740685
0.27672	1.48099
0.2768	1.48099
0.27688	0.740685
0.27696	1.48099
0.27704	1.48099
0.27712	2.22129
0.2772	1.48099
0.27728	1.48099
0.27736	1.48099
0.27744	1.48099
0.27752	0.740685
0.2776	0.740685
0.27768	0.740685
0.27776	0.740685
0.27784	0.740685
0.27792	0.740685
0.278	1.48099
0.27808	1.48099
0.27816	2.22129
0.27824	2.22129
0.27832	2.22129
0.2784	2.22129
0.27848	2.22129
0.27856	2.22129
0.27864	1.48099
0.27872	1.48099
0.2788	0.740685
0.27888	0.740685
0.27896	0.740685
0.27904	0.740685
0.27912	0.740685
0.2792	0.740685
0.27928	0.740685
0.27936	1.48099
0.27944	1.48099
0.27952	1.48099
0.2796	1.48099
0.27968	0.740685
0.27976	0.740685
0.27984	0.740685
0.27992	0.740685
0.28	1.48099
0.28008	0.740685
0.28016	1.48099
0.28024	1.48099
0.28032	1.48099
0.2804	2.22129
0.28048	2.22129
0.28056	2.22129
0.28064	2.22129
0.28072	1.48099
0.2808	1.48099
0.28088	0.740685
0.28096	0.740685
0.28104	0.740685
0.28112	0.740685
0.2812	1.48099
0.28128	1.48099
0.28136	1.48099
0.28144	1.48099
0.28152	0.740685
0.2816	0.740685
0.28168	0.740685
0.28176	1.48099
0.28184	1.48099
0.28192	0.740685
0.282	1.48099
0.28208	1.48099
0.28216	1.48099
0.28224	2.22129
0.28232	2.22129
0.2824	1.48099
0.28248	1.48099
0.28256	1.48099
0.28264	1.48099
0.28272	1.48099
0.2828	1.48099
0.28288	1.48099
0.28296	2.22129
0.28304	2.22129
0.28312	2.22129
0.2832	1.48099
0.28328	1.48099
0.28336	1.48099
0.28344	1.48099
0.28352	1.48099
0.2836	1.48099
0.28368	1.48099
0.28376	1.48099
0.28384	2.22129
0.28392	2.22129
0.284	1.48099
0.28408	1.48099
0.28416	1.48099
0.28424	1.48099
0.28432	1.48099
0.2844	2.22129
0.28448	2.22129
0.28456	1.48099
0.28464	1.48099
0.28472	2.22129
0.2848	1.48099
0.28488	1.48099
0.28496	1.48099
0.28504	1.48099
0.28512	1.48099
0.2852	2.22129
0.28528	2.22129
0.28536	2.22129
0.28544	2.22129
0.28552	2.22129
0.2856	2.96159
0.28568	2.22129
0.28576	2.22129
0.28584	1.48099
0.28592	1.48099
0.286	1.48099
0.28608	2.22129
0.28616	1.48099
0.28624	1.48099
0.28632	1.48099
0.2864	1.48099
0.28648	1.48099
0.28656	2.22129
0.28664	2.22129
0.28672	2.22129
0.2868	2.22129
0.28688	2.22129
0.28696	2.22129
0.28704	2.22129
0.28712	2.22129
0.2872	1.48099
0.28728	2.22129
0.28736	0.740685
0.28744	1.48099
0.28752	1.48099
0.2876	1.48099
0.28768	1.48099
0.28776	1.48099
0.28784	1.48099
0.28792	1.48099
0.288	1.48099
0.28808	1.48099
0.28816	1.48099
0.28824	2.22129
0.28832	2.22129
0.2884	2.22129
0.28848	2.22129
0.28856	2.22129
0.28864	2.22129
0.28872	1.48099
0.2888	1.48099
0.28888	0.740685
0.28896	0.740685
0.28904	0.740685
0.28912	0.740685
0.2892	1.48099
0.28928	1.48099
0.28936	1.48099
0.28944	1.48099
0.28952	1.48099
0.2896	1.48099
0.28968	1.48099
0.28976	1.48099
0.28984	0.740685
0.28992	1.48099
0.29	0.740685
0.29008	0.740685
0.29016	0.740685
0.29024	0.740685
0.29032	0.740685
0.2904	0.740685
0.29048	2.22129
0.29056	2.22129
0.29064	2.96159
0.29072	3.70189
0.2908	3.70189
0.29088	3.70189
0.29096	3.70189
0.29104	3.70189
0.29112	3.70189
0.2912	3.70189
0.29128	3.70189
0.29136	2.96159
0.29144	2.22129
0.29152	1.48099
0.2916	0.740685
0.29168	3.82402E-4
0.29176	3.82402E-4
0.29184	3.82402E-4
0.29192	0.740685
0.292	1.48099
0.29208	2.22129
0.29216	2.96159
0.29224	2.96159
0.29232	3.70189
0.2924	2.96159
0.29248	2.22129
0.29256	0.740685
0.29264	0.740685
0.29272	3.82402E-4
0.2928	-0.73992
0.29288	-0.73992
0.29296	3.82402E-4
0.29304	3.82402E-4
0.29312	0.740685
0.2932	0.740685
0.29328	1.48099
0.29336	2.22129
0.29344	2.96159
0.29352	4.4422
0.2936	4.4422
0.29368	3.70189
0.29376	3.70189
0.29384	2.22129
0.29392	1.48099
0.294	1.48099
0.29408	2.22129
0.29416	2.22129
0.29424	2.22129
0.29432	2.96159
0.2944	2.96159
0.29448	2.96159
0.29456	2.22129
0.29464	2.22129
0.29472	2.22129
0.2948	1.48099
0.29488	1.48099
0.29496	0.740685
0.29504	0.740685
0.29512	3.82402E-4
0.2952	3.82402E-4
0.29528	3.82402E-4
0.29536	0.740685
0.29544	1.48099
0.29552	1.48099
0.2956	1.48099
0.29568	0.740685
0.29576	0.740685
0.29584	0.740685
0.29592	3.82402E-4
0.296	0.740685
0.29608	0.740685
0.29616	0.740685
0.29624	1.48099
0.29632	1.48099
0.2964	2.22129
0.29648	2.22129
0.29656	1.48099
0.29664	1.48099
0.29672	1.48099
0.2968	0.740685
0.29688	1.48099
0.29696	1.48099
0.29704	2.22129
0.29712	2.22129
0.2972	2.22129
0.29728	2.22129
0.29736	2.22129
0.29744	2.96159
0.29752	2.96159
0.2976	2.96159
0.29768	2.22129
0.29776	1.48099
0.29784	0.740685
0.29792	3.82402E-4
0.298	-0.73992
0.29808	0.740685
0.29816	0.740685
0.29824	2.22129
0.29832	2.96159
0.2984	2.96159
0.29848	2.22129
0.29856	2.22129
0.29864	1.48099
0.29872	0.740685
0.2988	0.740685
0.29888	0.740685
0.29896	0.740685
0.29904	0.740685
0.29912	0.740685
0.2992	0.740685
0.29928	2.22129
0.29936	2.96159
0.29944	3.70189
0.29952	4.4422
0.2996	4.4422
0.29968	3.70189
0.29976	1.48099
0.29984	3.82402E-4
0.29992	-0.73992
0.3	-0.73992
0.30008	-0.73992
0.30016	3.82402E-4
0.30024	0.740685
0.30032	2.22129
0.3004	2.96159
0.30048	3.70189
0.30056	3.70189
0.30064	2.96159
0.30072	2.22129
0.3008	1.48099
0.30088	3.82402E-4
0.30096	-0.73992
0.30104	-0.73992
0.30112	-0.73992
0.3012	-0.73992
0.30128	3.82402E-4
0.30136	0.740685
0.30144	1.48099
0.30152	1.48099
0.3016	2.22129
0.30168	1.48099
0.30176	0.740685
0.30184	3.82402E-4
0.30192	3.82402E-4
0.302	-0.73992
0.30208	3.82402E-4
0.30216	0.740685
0.30224	0.740685
0.30232	0.740685
0.3024	0.740685
0.30248	0.740685
0.30256	0.740685
0.30264	0.740685
0.30272	1.48099
0.3028	2.22129
0.30288	2.22129
0.30296	2.22129
0.30304	2.22129
0.30312	1.48099
0.3032	0.740685
0.30328	0.740685
0.30336	0.740685
0.30344	0.740685
0.30352	0.740685
0.3036	0.740685
0.30368	0.740685
0.30376	0.740685
0.30384	3.82402E-4
0.30392	0.740685
0.304	0.740685
0.30408	0.740685
0.30416	1.48099
0.30424	0.740685
0.30432	0.740685
0.3044	0.740685
0.30448	3.82402E-4
0.30456	3.82402E-4
0.30464	0.740685
0.30472	0.740685
0.3048	0.740685
0.30488	0.740685
0.30496	1.48099
0.30504	1.48099
0.30512	1.48099
0.3052	1.48099
0.30528	2.22129
0.30536	1.48099
0.30544	1.48099
0.30552	0.740685
0.3056	0.740685
0.30568	0.740685
0.30576	0.740685
0.30584	0.740685
0.30592	1.48099
0.306	1.48099
0.30608	2.22129
0.30616	2.22129
0.30624	2.22129
0.30632	2.22129
0.3064	2.22129
0.30648	0.740685
0.30656	0.740685
0.30664	0.740685
0.30672	0.740685
0.3068	0.740685
0.30688	0.740685
0.30696	0.740685
0.30704	0.740685
0.30712	0.740685
0.3072	1.48099
0.30728	1.48099
0.30736	1.48099
0.30744	1.48099
0.30752	0.740685
0.3076	0.740685
0.30768	0.740685
0.30776	0.740685
0.30784	0.740685
0.30792	0.740685
0.308	0.740685
0.30808	0.740685
0.30816	1.48099
0.30824	0.740685
0.30832	1.48099
0.3084	1.48099
0.30848	0.740685
0.30856	1.48099
0.30864	1.48099
0.30872	1.48099
0.3088	1.48099
0.30888	1.48099
0.30896	1.48099
0.30904	1.48099
0.30912	1.48099
0.3092	1.48099
0.30928	0.740685
0.30936	1.48099
0.30944	1.48099
0.30952	2.22129
0.3096	1.48099
0.30968	1.48099
0.30976	1.48099
0.30984	1.48099
0.30992	0.740685
0.31	0.740685
